Drug	c_target_A	c_target_cancer_direct_A	c_target_cancer_direct_A_scoreA	c_target_cancer_second_A	c_target_cancer_B	c_target_cancer_degree_B	c_target_cancer_degree_B_scoreA	c_target_cancerB_B	c_target_cancerB_degree_B	c_target_cancerB_degree_B_scoreB	c_target_B
DB09130	147	15	36	90	217	735	2047	2863	8159	118909	3626
DB00157	144	11	14	45	43	96	197	510	1415	11760	865
DB03147	86	6	8	12	28	48	94	263	516	4392	352
DB00142	70	1	1	28	37	100	156	495	1474	14291	626
DB00114	66	3	3	14	15	19	39	138	251	2532	228
DB00898	52	0	0	12	27	48	100	283	637	6086	357
DB00334	48	5	5	20	20	39	83	160	1294	24012	209
DB00543	44	7	7	15	13	27	36	136	940	16822	180
DB00171	42	9	25	30	174	550	1526	2117	4881	124117	2309
DB00143	42	4	5	10	20	22	109	128	302	3304	152
DB01049	41	5	5	16	13	30	42	114	947	17283	157
DB01708	35	6	51	13	79	159	416	571	1387	19565	606
DB00321	35	8	9	24	29	54	104	282	1277	21683	313
DB11348	33	3	3	13	31	50	73	475	819	13781	592
DB11093	33	3	3	13	31	50	73	475	819	13781	592
DB01159	32	0	0	7	33	37	66	493	795	8712	661
DB00408	32	6	6	17	13	28	31	136	1097	20317	159
DB00201	32	5	7	26	90	267	819	844	2379	63382	875
DB00909	31	14	15	14	17	57	89	132	511	2534	142
DB00145	31	0	0	6	9	14	17	174	372	3668	233
DB00421	28	5	41	19	58	126	281	423	1059	12731	435
DB00312	28	1	12	10	19	46	98	185	871	9318	242
DB00363	27	6	6	16	13	27	32	117	897	16747	137
DB01224	26	6	6	15	12	27	30	116	928	17475	133
DB00477	26	8	8	16	14	27	39	138	874	16438	155
DB00139	26	0	0	4	3	5	5	60	94	861	107
DB13025	25	6	6	17	13	31	43	109	931	17374	126
DB09462	25	2	2	6	42	46	135	383	401	8014	513
DB02709	25	11	39	19	137	245	715	1164	1532	31731	1228
DB01238	25	5	5	14	12	25	28	114	881	16586	131
DB00726	25	6	6	12	18	28	63	159	799	14775	182
DB00540	25	7	7	14	19	31	69	156	792	14723	174
DB00458	25	7	7	11	14	23	29	178	678	11252	198
DB00246	25	5	5	14	12	25	28	114	881	16586	131
DB00126	25	0	0	8	18	22	54	120	142	1873	165
DB00659	24	0	0	8	16	41	66	197	850	8511	233
DB06148	23	7	7	16	12	28	40	128	974	18226	148
DB02659	23	2	3	4	11	15	59	70	148	1481	114
DB01254	23	23	65	22	166	905	2390	1764	6972	261372	1764
DB01142	23	8	8	14	13	25	37	137	760	13930	151
DB00786	23	23	27	10	17	24	60	69	184	3399	69
DB00313	23	7	10	16	59	120	250	642	1333	16943	673
DB00228	23	0	0	3	17	17	26	132	170	1471	195
DB01236	22	0	0	3	17	17	26	134	171	1456	232
DB01189	22	0	0	3	17	17	26	134	171	1456	232
DB01028	22	0	0	3	17	17	26	134	171	1456	232
DB00753	22	1	1	3	17	17	26	130	167	1451	192
DB00514	22	2	2	10	72	153	416	684	1356	30454	844
DB00370	22	6	6	14	17	30	62	154	907	17011	178
DB00273	22	5	5	2	4	4	8	56	99	510	84
DB00172	22	0	0	7	28	52	112	257	659	7801	352
DB00128	22	0	0	5	5	5	5	119	133	1352	162
DB09283	21	1	1	16	7	27	45	56	224	4084	60
DB09089	21	0	0	12	8	41	41	164	539	4681	180
DB01151	21	7	7	12	17	27	53	150	700	12828	168
DB06216	20	4	4	15	19	31	66	143	935	17807	165
DB01595	20	1	1	1	3	3	3	34	68	295	60
DB01373	20	1	1	7	26	35	90	477	703	9873	600
DB01221	20	2	2	13	10	22	31	200	765	13180	222
DB00897	20	0	0	1	2	2	2	11	45	205	37
DB00852	20	5	8	16	85	151	450	569	1030	22452	617
DB00829	20	0	0	1	2	2	2	11	45	205	37
DB00794	20	0	0	2	4	4	12	44	93	614	93
DB00463	20	0	0	2	4	4	12	44	93	614	93
DB00306	20	0	0	2	4	4	12	44	93	614	93
DB00248	20	5	5	16	18	34	66	145	994	18805	167
DB00241	20	0	0	2	4	4	12	44	93	614	93
DB00237	20	0	0	2	4	4	12	44	93	614	93
DB00231	20	0	0	1	2	2	2	11	45	205	37
DB09304	19	2	2	12	7	19	31	86	659	12393	95
DB01589	19	0	0	0	0	0	0	8	42	188	34
DB01588	19	0	0	0	0	0	0	8	42	188	34
DB01558	19	0	0	0	0	0	0	8	42	188	34
DB01403	19	5	5	10	9	19	19	107	637	11947	123
DB01215	19	0	0	0	0	0	0	8	42	188	34
DB00842	19	0	0	0	0	0	0	8	42	188	34
DB00801	19	0	0	0	0	0	0	8	42	188	34
DB00755	19	19	27	14	51	114	344	235	489	8431	235
DB00690	19	0	0	0	0	0	0	8	42	188	34
DB00683	19	0	0	0	0	0	0	8	42	188	34
DB00661	19	4	4	17	12	54	57	186	826	7382	199
DB00182	19	5	5	13	29	50	113	161	652	12148	179
DB11582	18	1	1	1	6	6	10	18	51	437	43
DB09118	18	0	0	1	2	2	4	17	50	388	43
DB08896	18	18	105	17	118	641	1797	1179	5191	207967	1179
DB04855	18	6	6	18	14	52	55	204	801	10204	216
DB01392	18	2	2	11	8	19	25	106	654	11765	127
DB01267	18	5	5	12	11	21	32	110	685	12618	128
DB01200	18	5	5	14	11	26	32	110	861	16207	127
DB01068	18	1	12	2	11	11	35	43	76	841	68
DB00945	18	4	8	18	138	475	1437	1568	3088	71595	1724
DB00818	18	1	1	2	4	7	7	39	98	456	64
DB00674	18	0	0	0	0	0	0	6	21	30	33
DB00162	18	3	3	3	8	8	56	57	133	865	71
DB08846	17	17	23	7	97	179	450	890	1504	47438	890
DB01186	17	5	5	14	11	26	32	110	825	15421	127
DB01136	17	7	11	14	84	105	289	366	743	15130	430
DB00934	17	6	6	9	9	18	18	103	538	10013	115
DB00628	17	0	0	1	2	2	2	10	43	189	35
DB00418	17	0	0	9	11	37	65	151	826	8622	197
DB00402	17	0	0	1	2	2	2	10	43	189	35
DB00292	17	0	0	1	1	1	1	62	95	1174	87
DB00186	17	0	0	1	2	2	2	10	43	189	35
DB09167	16	7	7	8	6	14	14	101	453	8101	107
DB06637	16	0	0	16	8	47	53	71	477	2295	79
DB01594	16	0	0	0	0	0	0	8	33	146	34
DB01567	16	0	0	0	0	0	0	8	33	146	34
DB01559	16	0	0	0	0	0	0	8	33	146	34
DB01437	16	0	0	0	0	0	0	7	40	172	32
DB01205	16	0	0	0	0	0	0	7	40	172	32
DB01110	16	2	13	4	21	32	101	186	325	2852	200
DB01107	16	0	0	0	0	0	0	7	40	172	32
DB00721	16	0	0	4	18	30	58	187	207	1715	205
DB00696	16	6	6	13	12	26	35	112	771	14439	128
DB00675	16	16	71	14	115	342	768	848	2593	83256	848
DB00568	16	1	1	8	9	27	27	173	544	5881	190
DB00546	16	0	0	0	0	0	0	8	33	146	34
DB00475	16	0	0	0	0	0	0	7	40	172	32
DB00454	16	1	1	7	11	31	51	214	726	9049	237
DB00404	16	0	0	0	0	0	0	7	40	172	32
DB00371	16	0	0	0	0	0	0	7	40	172	32
DB00349	16	0	0	0	0	0	0	7	40	172	32
DB00189	16	0	0	0	0	0	0	7	40	172	32
DB08901	15	15	88	15	129	619	1761	1015	4886	195877	1015
DB08818	15	0	0	6	22	23	61	128	133	1432	151
DB05541	15	4	4	10	5	34	34	99	469	1736	101
DB05147	15	15	52	14	34	313	991	210	1961	56678	210
DB00988	15	2	2	5	9	11	17	145	367	6197	167
DB00734	15	5	5	11	10	20	20	105	680	12597	122
DB00714	15	2	2	11	8	19	25	103	680	12709	122
DB00622	15	4	4	6	11	21	21	174	385	4916	182
DB00589	15	2	2	11	8	19	25	103	716	13495	120
DB00131	15	1	1	12	85	184	610	513	943	27376	568
DB00075	15	12	93	14	21	44	176	67	113	2295	70
DB00777	14	4	4	6	8	14	14	99	376	7013	114
DB00420	14	4	4	6	8	14	14	99	376	7013	114
DB00413	14	2	2	11	8	19	25	103	680	12709	120
DB00277	14	3	8	7	42	47	95	532	651	12228	543
DB00268	14	2	2	11	8	19	25	103	680	12709	120
DB00129	14	0	0	0	0	0	0	7	13	86	18
DB00119	14	0	0	2	9	9	13	63	73	603	84
DB00071	14	1	2	5	79	115	266	573	910	29978	650
DB00054	14	12	93	13	40	61	250	219	265	4862	223
DB00005	14	11	92	11	28	39	186	111	148	2721	125
DB03754	13	1	5	3	43	48	213	180	186	3437	201
DB01645	13	13	68	10	127	228	722	952	1229	26936	952
DB01592	13	3	4	7	32	36	91	478	497	7732	502
DB01363	13	2	2	9	23	39	102	140	411	7465	152
DB01174	13	1	12	10	19	46	98	183	836	9168	229
DB01023	13	1	1	9	13	34	49	294	661	7385	344
DB00996	13	0	0	12	16	41	61	261	909	9745	277
DB00493	13	1	1	1	2	2	2	20	22	90	21
DB00184	13	1	6	2	3	3	3	11	21	149	28
DB00170	13	2	2	6	13	21	50	112	297	1660	134
DB00160	13	0	0	2	1	2	2	28	44	369	52
DB00155	13	0	0	3	16	30	82	156	365	3059	172
DB00151	13	0	0	5	7	8	9	90	114	709	130
DB00074	13	13	96	12	24	41	170	64	91	2045	64
DB00072	13	13	117	12	80	129	542	387	541	13425	387
DB05492	12	5	5	11	7	18	24	90	573	10581	101
DB03496	12	12	36	11	128	462	1176	1316	3587	69768	1316
DB01331	12	0	0	0	0	0	0	0	0	0	0
DB01239	12	1	1	5	6	10	16	97	336	6246	113
DB01109	12	8	15	11	59	209	892	499	1240	45419	513
DB00668	12	4	4	11	26	36	102	228	609	11233	252
DB00599	12	0	0	2	4	4	12	48	87	713	87
DB00368	12	4	4	10	14	22	57	119	495	9377	125
DB00116	12	2	2	3	6	6	23	127	144	1948	144
DB00111	12	12	91	11	24	40	162	55	81	2011	55
DB00108	12	11	88	10	20	31	148	50	69	1312	51
DB00078	12	12	97	10	17	28	150	36	55	966	36
DB00073	12	12	97	10	17	28	150	36	55	966	36
DB00056	12	12	93	10	17	28	150	37	57	1030	37
DB00055	12	0	0	8	20	27	68	165	291	1971	242
DB00051	12	11	92	11	28	39	186	107	127	2508	118
DB00030	12	1	2	5	79	115	266	565	902	29955	627
DB00002	12	12	110	11	74	92	369	341	369	8335	341
DB11994	11	1	1	5	14	22	84	58	89	1478	67
DB09238	11	0	0	11	7	40	40	104	474	3663	113
DB06603	11	11	25	11	51	182	458	545	3144	58214	545
DB05015	11	11	25	11	51	182	458	545	3144	58214	545
DB04946	11	3	3	7	9	14	17	100	450	8570	116
DB03619	11	2	2	3	11	11	35	387	387	2941	439
DB03010	11	11	49	11	34	252	820	209	1556	44711	209
DB01873	11	11	49	11	34	252	820	209	1556	44711	209
DB01577	11	2	2	6	15	29	57	94	261	4630	100
DB01388	11	0	0	11	7	40	40	104	474	3663	113
DB01069	11	3	3	3	7	9	9	93	227	4258	105
DB00849	11	1	12	3	12	13	45	74	114	1222	112
DB00583	11	2	2	4	5	7	15	15	22	258	24
DB00537	11	2	17	2	3	3	10	115	115	1457	115
DB00173	11	0	0	3	40	43	161	225	230	5110	261
DB00159	11	1	1	8	42	59	160	167	230	4877	195
DB00112	11	11	92	10	45	55	263	87	105	2626	87
DB00110	11	10	87	9	17	27	142	27	45	932	27
DB00095	11	10	87	10	20	31	151	59	79	1804	62
DB00092	11	10	87	10	18	28	144	32	51	1006	35
DB00087	11	11	88	9	17	27	142	27	45	932	27
DB00081	11	11	92	9	17	27	142	27	45	932	27
DB00031	11	2	2	11	36	45	93	266	355	4197	300
DB00028	11	11	60	11	17	27	98	57	89	1208	57
DB00025	11	1	1	6	35	42	103	452	548	6644	504
DB09079	10	10	65	10	121	457	1367	895	3501	139445	895
DB09060	10	0	0	0	0	0	0	0	0	0	0
DB08604	10	2	27	4	45	59	169	313	372	6445	326
DB06738	10	0	0	10	11	36	56	198	912	10958	212
DB06616	10	10	26	10	162	493	1350	1664	3585	112059	1664
DB06589	10	10	74	10	81	326	959	567	2563	108901	567
DB06262	10	4	4	9	13	21	56	116	491	9341	122
DB06151	10	1	1	8	42	81	201	443	1112	13938	469
DB01355	10	0	0	2	4	4	12	42	81	570	80
DB01354	10	0	0	2	4	4	12	42	81	570	80
DB01353	10	0	0	2	4	4	12	42	81	570	80
DB01244	10	2	2	7	15	20	27	318	387	3670	375
DB01169	10	10	19	10	161	394	1219	1935	3377	75126	1935
DB01149	10	6	6	7	7	12	15	117	357	6071	124
DB01065	10	10	26	5	48	49	125	237	247	4758	237
DB01050	10	2	7	7	58	76	200	409	470	8541	444
DB00907	10	1	1	3	4	12	12	99	228	1016	110
DB00795	10	2	2	5	53	78	232	434	696	10233	457
DB00783	10	6	39	6	71	109	349	326	428	8504	362
DB00431	10	3	34	3	57	72	203	230	269	5854	255
DB00398	10	10	84	10	83	354	965	651	2857	121227	651
DB00396	10	7	59	8	76	126	353	475	650	12784	477
DB00393	10	1	1	10	13	40	73	135	414	4078	144
DB00381	10	1	1	5	7	20	20	107	332	2541	115
DB00308	10	1	1	5	8	14	17	117	213	1453	128
DB00289	10	1	1	7	10	33	53	146	767	8175	156
DB00163	10	10	26	6	92	219	660	925	1986	55452	925
DB00144	10	1	4	1	42	42	109	367	373	11965	375
DB00132	10	3	4	7	45	73	191	209	329	5952	224
DB00013	10	1	1	9	26	38	76	184	314	2488	211
DB06579	9	0	0	0	0	0	0	5	32	148	25
DB04896	9	1	1	7	10	33	53	141	756	8075	150
DB01544	9	0	0	1	2	2	2	9	32	146	33
DB01365	9	4	4	9	13	21	56	116	491	9341	122
DB01329	9	0	0	0	0	0	0	0	0	0	0
DB01115	9	2	13	7	17	32	56	150	338	3079	162
DB01064	9	4	4	8	109	270	969	920	1623	41813	933
DB01045	9	2	13	2	11	11	35	55	56	753	56
DB01017	9	4	9	6	52	66	220	216	273	6421	257
DB01016	9	0	0	6	26	32	55	254	457	7799	289
DB00805	9	0	0	5	18	21	41	111	283	5328	138
DB00713	9	0	0	0	0	0	0	2	2	4	3
DB00619	9	9	48	6	85	214	522	623	1761	70785	623
DB00594	9	0	0	6	17	21	46	156	198	3108	164
DB00523	9	7	15	8	44	96	236	169	365	6390	169
DB00438	9	0	0	0	0	0	0	0	0	0	0
DB00328	9	1	1	5	41	50	155	160	197	4038	185
DB00255	9	9	62	8	78	141	426	430	627	11773	430
DB00242	9	9	22	8	21	52	103	314	670	9988	314
DB00200	9	9	9	5	10	10	15	109	109	438	109
DB00197	9	4	6	7	35	58	154	179	265	4896	206
DB00193	9	1	1	5	3	6	6	165	318	4585	173
DB00125	9	0	0	2	15	22	64	150	255	2051	180
DB00121	9	0	0	4	39	152	576	176	611	16444	186
DB00098	9	2	10	7	42	69	227	252	414	6717	291
DB13151	8	0	0	8	22	33	72	156	305	2577	241
DB09213	8	1	6	6	47	55	142	379	405	7151	414
DB09078	8	8	64	8	64	303	942	503	2549	107420	503
DB08922	8	5	5	6	8	14	14	97	324	5946	108
DB06144	8	4	4	8	11	17	23	108	370	6867	120
DB01442	8	1	1	4	15	27	55	90	119	1843	101
DB01268	8	8	78	8	67	289	749	515	2505	106457	515
DB01088	8	0	0	7	9	17	23	97	191	3962	101
DB01054	8	0	0	6	7	22	22	103	291	2345	111
DB00925	8	5	5	7	12	18	44	110	389	7440	114
DB00819	8	7	7	1	1	1	5	13	28	170	13
DB00811	8	3	3	3	4	4	6	100	127	2404	101
DB00800	8	4	4	6	5	11	11	82	387	7434	86
DB00774	8	5	6	2	7	7	15	54	60	516	63
DB00759	8	0	0	1	2	2	7	26	26	384	30
DB00747	8	0	0	0	0	0	0	20	24	321	40
DB00715	8	1	1	1	2	2	2	70	84	1340	76
DB00651	8	0	0	7	6	15	18	77	182	4137	82
DB00586	8	1	1	5	17	21	48	68	122	1404	71
DB00572	8	0	0	0	0	0	0	18	22	316	44
DB00457	8	5	5	6	6	11	14	94	304	5003	94
DB00456	8	0	0	0	0	0	0	0	0	0	0
DB00415	8	1	2	1	26	26	47	279	279	12304	280
DB00303	8	0	0	0	0	0	0	0	0	0	0
DB00280	8	1	1	4	6	10	13	126	177	1075	130
DB00247	8	1	1	7	5	11	20	78	399	7516	84
DB00244	8	3	3	6	53	79	234	419	681	10275	437
DB00141	8	0	0	0	0	0	0	2	8	8	5
DB00122	8	0	0	4	14	19	58	73	118	4041	93
DB00118	8	1	1	3	7	9	52	74	113	1007	100
DB13152	7	0	0	7	23	29	76	162	251	1608	246
DB09481	7	0	0	7	10	33	53	135	745	8052	143
DB09409	7	0	0	7	10	33	53	135	745	8052	143
DB09228	7	2	13	6	13	19	68	127	234	1448	140
DB08838	7	0	0	3	11	11	16	243	249	2833	259
DB06678	7	2	2	6	4	9	15	78	317	5926	83
DB06404	7	2	13	6	13	19	68	127	234	1448	140
DB05676	7	1	2	6	32	39	104	242	289	4697	265
DB05271	7	1	1	4	4	7	7	84	314	5904	95
DB04786	7	1	1	3	11	12	40	215	217	2562	233
DB04468	7	7	44	6	53	82	261	229	320	6855	229
DB01624	7	3	3	4	8	11	11	94	305	5910	109
DB01520	7	0	0	6	10	25	40	134	628	6594	142
DB01454	7	1	1	4	4	6	12	77	175	3015	84
DB01393	7	5	19	7	48	105	275	209	413	7695	222
DB01183	7	1	17	6	60	72	227	453	594	10866	484
DB01173	7	2	2	5	13	20	32	193	469	4231	199
DB01118	7	3	3	7	25	47	121	215	274	4859	230
DB01043	7	0	0	5	13	28	41	196	512	6391	209
DB01041	7	2	6	5	84	114	357	644	727	22668	657
DB01026	7	4	34	5	39	49	135	280	309	5061	282
DB00999	7	5	6	1	1	1	5	13	18	133	13
DB00951	7	0	0	2	1	2	24	7	9	43	8
DB00908	7	4	4	7	9	16	19	154	279	3304	157
DB00836	7	1	1	5	6	8	9	139	247	3593	156
DB00780	7	0	0	4	13	26	54	26	46	684	39
DB00656	7	4	4	5	5	9	9	91	276	4934	97
DB00605	7	1	1	6	93	100	291	712	732	18871	727
DB00536	7	0	0	2	14	14	19	188	188	2657	232
DB00502	7	0	0	6	14	17	22	214	403	6697	239
DB00459	7	6	14	6	38	89	227	150	344	6250	151
DB00434	7	1	1	2	2	3	3	66	157	3018	72
DB00430	7	0	0	0	0	0	0	0	0	0	0
DB00412	7	4	7	6	46	96	242	200	383	7047	221
DB00342	7	2	2	1	1	1	4	37	44	508	37
DB00333	7	0	0	4	4	5	5	314	365	4060	323
DB00281	7	1	18	6	69	81	236	406	538	8206	408
DB00270	7	0	0	6	7	22	22	103	286	2326	111
DB00217	7	1	1	6	10	14	49	107	350	6668	114
DB00216	7	1	1	6	4	10	19	69	351	6559	71
DB00133	7	0	0	1	4	4	4	63	73	646	89
DB00120	7	0	0	2	4	4	7	18	24	353	29
DB00100	7	0	0	7	23	29	76	162	251	1608	246
DB12742	6	6	39	5	57	157	386	572	1582	64622	572
DB12598	6	0	0	3	11	15	40	128	223	1328	154
DB09068	6	1	1	3	3	4	4	82	204	3626	86
DB08889	6	0	0	6	10	39	79	183	731	10755	209
DB08815	6	2	2	5	6	10	10	89	317	5985	101
DB06712	6	0	0	4	7	18	18	98	262	2168	106
DB06694	6	4	4	6	5	11	11	74	307	5730	74
DB06595	6	6	60	6	83	230	571	677	1933	78675	677
DB06204	6	1	1	3	1	3	3	69	178	2929	76
DB06080	6	6	61	6	62	207	527	473	1840	78897	473
DB06042	6	6	46	6	26	79	210	260	722	18402	260
DB06016	6	2	2	5	6	10	16	92	284	5179	105
DB05740	6	0	0	0	0	0	0	2	7	10	17
DB05087	6	0	0	0	0	0	0	5	28	128	19
DB05014	6	6	45	5	58	186	569	476	1550	66202	476
DB04552	6	0	0	3	15	18	50	56	60	1813	63
DB03904	6	2	2	2	61	61	238	423	423	8639	567
DB03756	6	4	7	6	48	93	252	203	377	7052	216
DB03128	6	0	0	0	0	0	0	16	19	308	32
DB02546	6	6	19	5	46	113	265	499	1648	29100	499
DB01622	6	3	3	5	8	12	12	93	312	5816	108
DB01614	6	3	3	5	8	12	12	93	312	5816	108
DB01603	6	0	0	0	0	0	0	0	0	0	0
DB01587	6	0	0	1	2	2	2	10	18	81	35
DB01576	6	3	3	3	5	6	6	68	150	2740	69
DB01411	6	1	3	3	59	65	209	350	383	8437	367
DB01406	6	4	43	6	71	102	267	438	580	11011	443
DB01381	6	1	1	0	0	0	0	10	10	29	35
DB01327	6	0	0	0	0	0	0	0	0	0	0
DB01248	6	6	34	6	49	67	184	283	307	7876	283
DB01242	6	2	2	4	4	6	14	73	166	2983	79
DB01229	6	6	34	6	49	67	184	283	307	7876	283
DB01175	6	3	3	1	3	3	3	66	77	1157	68
DB01163	6	0	0	0	0	0	0	0	0	0	0
DB01162	6	4	4	4	5	8	11	76	193	2937	76
DB01147	6	0	0	0	0	0	0	0	0	0	0
DB01119	6	2	2	2	7	7	15	53	61	471	63
DB00975	6	1	1	4	6	8	11	33	47	965	34
DB00935	6	4	4	6	5	11	11	74	307	5730	74
DB00926	6	6	14	6	38	89	227	150	344	6250	150
DB00848	6	1	1	0	0	0	0	2	2	3	10
DB00841	6	2	18	6	51	56	154	272	477	9256	278
DB00835	6	1	1	0	0	0	0	17	24	361	17
DB00831	6	2	2	4	9	12	12	236	281	4422	290
DB00824	6	1	1	4	6	9	13	73	182	4232	77
DB00806	6	1	1	4	6	9	12	75	139	3091	79
DB00797	6	3	3	4	4	7	7	72	253	4763	73
DB00768	6	1	1	2	2	2	5	20	23	457	23
DB00767	6	1	1	0	0	0	0	17	24	361	17
DB00761	6	0	0	1	2	2	2	5	9	152	5
DB00751	6	3	3	3	5	7	7	79	237	4602	85
DB00679	6	3	3	5	9	12	15	107	275	4983	122
DB00653	6	0	0	4	7	18	18	96	207	1765	104
DB00623	6	2	16	4	39	41	99	309	441	7817	324
DB00590	6	4	4	4	5	8	11	76	193	2937	76
DB00575	6	4	4	6	5	11	11	74	307	5730	74
DB00570	6	6	17	6	75	157	479	485	967	24766	485
DB00562	6	5	6	1	1	1	5	13	18	133	13
DB00485	6	0	0	0	0	0	0	0	0	0	0
DB00411	6	0	0	0	0	0	0	16	19	308	32
DB00397	6	1	1	5	10	12	38	105	335	6426	114
DB00274	6	0	0	0	0	0	0	0	0	0	0
DB00210	6	6	14	6	38	89	227	150	344	6250	150
DB00174	6	0	0	2	1	2	2	13	23	137	25
DB00149	6	0	0	3	3	4	4	23	34	224	37
DB00148	6	0	0	0	0	0	0	9	11	50	13
DB00127	6	1	1	3	22	22	53	198	245	3064	208
DB00115	6	5	5	4	8	8	13	111	111	593	111
DB00039	6	4	14	6	68	193	716	492	1404	56882	528
DB00036	6	1	1	3	5	6	10	71	86	250	87
DB13872	5	0	0	0	0	0	0	5	19	86	19
DB09166	5	0	0	0	0	0	0	5	15	66	19
DB09128	5	2	2	5	6	10	10	87	276	5070	98
DB09093	5	0	0	0	0	0	0	0	0	0	0
DB09076	5	0	0	0	0	0	0	16	19	310	16
DB09028	5	0	0	0	0	0	0	3	7	11	18
DB08912	5	2	7	4	74	132	309	472	735	29569	473
DB08897	5	0	0	0	0	0	0	16	19	310	16
DB08807	5	1	1	5	10	13	48	109	294	5546	115
DB08795	5	0	0	0	0	0	0	0	0	0	0
DB06757	5	1	1	4	26	30	44	160	182	3948	190
DB06702	5	0	0	0	0	0	0	16	19	310	16
DB06211	5	0	0	0	0	0	0	0	0	0	0
DB06176	5	5	17	5	43	85	213	539	1369	24547	539
DB06089	5	0	0	5	3	11	11	44	137	605	46
DB05767	5	3	7	5	63	81	250	375	537	12240	388
DB05752	5	0	0	0	0	0	0	16	19	310	16
DB05381	5	1	1	3	2	3	3	64	151	2829	66
DB05294	5	4	30	5	92	173	561	644	1180	46229	647
DB05266	5	0	0	5	6	14	17	30	82	2142	32
DB05260	5	5	9	2	7	7	26	108	108	1148	108
DB05241	5	5	10	5	74	259	845	626	2281	67898	626
DB05210	5	5	8	5	86	237	851	756	1609	44665	756
DB05047	5	0	0	4	5	13	28	47	124	1061	61
DB04841	5	2	2	3	4	6	6	83	104	452	88
DB04824	5	3	34	3	48	56	153	200	231	4626	204
DB04209	5	0	0	1	3	3	5	81	81	1462	91
DB02342	5	5	11	3	19	20	55	120	122	2531	120
DB01598	5	0	0	0	0	0	0	0	0	0	0
DB01591	5	0	0	0	0	0	0	16	19	310	16
DB01565	5	0	0	4	2	4	5	67	171	2947	77
DB01409	5	0	0	0	0	0	0	16	19	310	16
DB01407	5	0	0	5	22	25	86	165	266	5196	187
DB01328	5	0	0	0	0	0	0	0	0	0	0
DB01325	5	2	2	2	3	3	7	13	22	219	13
DB01303	5	1	4	4	32	33	65	450	496	8820	453
DB01296	5	2	5	3	22	26	63	212	237	5075	223
DB01273	5	0	0	0	0	0	0	3	7	11	18
DB01235	5	0	0	2	4	5	5	77	202	3922	88
DB01234	5	3	17	5	30	42	161	218	253	4015	230
DB01233	5	0	0	1	4	4	4	64	66	1291	77
DB01212	5	0	0	0	0	0	0	4	4	13	5
DB01198	5	0	0	1	2	2	2	8	22	103	22
DB01197	5	3	6	3	10	10	14	106	118	2036	107
DB01194	5	5	5	1	1	1	5	9	19	91	9
DB01185	5	5	38	4	62	94	247	398	504	9574	398
DB01161	5	0	0	2	6	6	6	162	163	1011	167
DB01144	5	5	5	1	1	1	5	9	24	114	9
DB01053	5	0	0	0	0	0	0	2	2	4	3
DB01039	5	2	13	4	31	50	142	148	215	4175	161
DB01036	5	0	0	0	0	0	0	16	19	310	16
DB01032	5	0	0	0	0	0	0	6	6	21	7
DB01021	5	3	3	2	7	7	15	52	58	453	61
DB00960	5	1	1	5	10	13	48	109	294	5546	115
DB00939	5	1	1	4	15	17	44	65	94	1263	67
DB00917	5	0	0	3	3	4	24	71	182	3712	74
DB00904	5	1	1	3	2	4	4	67	170	2926	72
DB00887	5	0	0	2	7	7	7	150	153	2287	172
DB00875	5	1	1	3	7	9	9	85	207	3996	100
DB00785	5	0	0	0	0	0	0	16	19	310	16
DB00739	5	0	0	0	0	0	0	0	0	0	0
DB00725	5	0	0	0	0	0	0	16	19	310	16
DB00716	5	1	3	2	104	105	327	807	811	14725	811
DB00703	5	5	5	1	1	1	5	9	24	114	9
DB00655	5	5	48	4	63	95	270	374	478	8984	374
DB00648	5	3	37	4	69	100	265	402	489	9262	406
DB00630	5	1	1	5	26	55	91	116	192	6191	121
DB00615	5	1	3	2	106	167	534	779	1303	24603	783
DB00607	5	0	0	0	0	0	0	0	0	0	0
DB00606	5	3	3	1	1	1	5	58	63	383	63
DB00598	5	3	3	5	12	15	41	102	278	5310	108
DB00571	5	1	1	5	10	13	48	109	294	5546	115
DB00567	5	0	0	0	0	0	0	0	0	0	0
DB00560	5	0	0	0	0	0	0	0	0	0	0
DB00548	5	0	0	1	2	2	2	9	9	9	20
DB00508	5	0	0	2	5	6	12	80	159	3148	90
DB00497	5	0	0	4	2	4	4	65	169	2912	71
DB00496	5	0	0	0	0	0	0	16	19	310	16
DB00483	5	0	0	0	0	0	0	12	12	223	28
DB00466	5	0	0	0	0	0	0	6	6	30	30
DB00449	5	2	2	3	11	12	38	107	185	3662	118
DB00436	5	3	3	1	1	1	5	11	16	70	11
DB00425	5	0	0	0	0	0	0	6	16	67	30
DB00417	5	0	0	0	0	0	0	0	0	0	1
DB00409	5	0	0	3	5	7	7	84	178	3232	97
DB00401	5	0	0	4	7	18	18	98	250	2126	106
DB00376	5	0	0	0	0	0	0	16	19	310	16
DB00367	5	4	42	3	67	97	262	381	468	9118	381
DB00364	5	1	1	5	29	36	151	94	146	3522	98
DB00340	5	0	0	0	0	0	0	16	19	310	16
DB00316	5	1	1	4	17	17	46	43	44	1344	47
DB00311	5	5	5	1	1	1	5	9	24	114	9
DB00252	5	3	14	4	13	19	43	125	194	1258	126
DB00233	5	1	1	2	35	36	100	298	300	4665	305
DB00215	5	2	2	2	3	4	4	66	112	1978	67
DB00202	5	0	0	0	0	0	0	13	13	248	15
DB00191	5	1	1	2	12	24	52	33	61	800	39
DB00167	5	0	0	1	1	1	15	33	42	138	53
DB00134	5	3	3	4	6	8	13	130	132	465	130
DB00123	5	0	0	1	1	1	1	17	17	63	27
DB00020	5	5	5	3	16	17	53	49	56	1751	49
DB11311	4	0	0	3	7	10	10	33	61	1325	37
DB09460	4	4	5	1	1	1	5	11	16	131	11
DB09301	4	1	5	3	32	32	129	87	88	1881	94
DB09211	4	0	0	3	3	4	24	71	182	3712	74
DB09140	4	0	0	1	1	1	9	23	25	568	61
DB09086	4	3	37	3	62	93	268	370	471	8927	370
DB08895	4	1	1	4	76	209	445	437	1373	55563	446
DB08848	4	0	0	0	0	0	0	6	18	28	6
DB08837	4	0	0	1	3	3	3	34	34	151	40
DB08814	4	1	3	4	61	64	213	418	429	7893	426
DB08813	4	2	2	3	56	67	251	330	365	8040	364
DB08811	4	0	0	4	6	9	12	24	41	995	24
DB06787	4	0	0	0	0	0	0	15	18	307	15
DB06779	4	4	8	2	29	29	122	98	100	1828	98
DB06777	4	2	13	3	14	18	64	54	67	1276	65
DB06771	4	0	0	0	0	0	0	0	0	0	0
DB06692	4	0	0	1	8	8	19	96	109	396	103
DB06663	4	3	3	4	4	7	7	66	225	3888	66
DB06288	4	0	0	3	5	7	7	84	212	4011	98
DB06217	4	1	1	4	8	13	19	124	163	912	129
DB05885	4	0	0	1	2	2	2	65	65	345	91
DB05785	4	4	11	4	62	81	232	309	397	7578	309
DB05744	4	0	0	4	24	24	97	117	122	2377	134
DB05475	4	1	1	4	21	33	117	199	545	8142	210
DB05470	4	2	2	4	81	91	319	722	771	20122	735
DB05434	4	4	8	4	39	73	342	194	242	4754	194
DB05412	4	2	2	4	79	91	336	721	767	19993	760
DB05232	4	4	4	4	5	13	13	85	181	715	85
DB05223	4	4	16	4	46	100	233	499	1387	24207	499
DB05219	4	0	0	4	5	12	15	26	75	2018	28
DB05184	4	4	16	4	113	239	689	822	1686	59803	822
DB05157	4	2	2	4	76	272	899	681	2451	67000	682
DB05146	4	4	48	4	64	165	416	472	1363	55378	472
DB05075	4	4	37	4	64	154	456	480	1266	53815	480
DB05036	4	4	4	3	11	14	39	136	142	1926	136
DB05004	4	0	0	4	1	4	4	56	211	3837	59
DB04982	4	0	0	4	5	13	28	44	121	1042	55
DB04953	4	0	0	4	2	8	8	37	108	443	38
DB04920	4	0	0	4	5	17	17	81	278	2219	86
DB04570	4	0	0	0	0	0	0	0	0	0	0
DB03255	4	1	1	1	2	2	2	16	16	73	16
DB01656	4	0	0	4	5	12	15	26	75	2018	28
DB01638	4	0	0	0	0	0	0	0	0	0	0
DB01621	4	1	1	3	5	7	7	87	214	3993	102
DB01618	4	1	1	3	5	7	7	83	177	3278	94
DB01608	4	3	17	3	37	38	96	301	381	6686	305
DB01548	4	0	0	4	2	4	5	66	170	2930	72
DB01452	4	0	0	3	1	3	3	64	168	2912	77
DB01428	4	4	42	4	68	112	322	391	521	10478	391
DB01415	4	0	0	0	0	0	0	0	0	0	0
DB01413	4	0	0	0	0	0	0	0	0	0	0
DB01364	4	2	2	2	4	4	4	54	54	929	61
DB01359	4	1	1	4	10	11	37	108	243	4533	114
DB01356	4	0	0	4	48	50	96	385	390	10815	429
DB01332	4	0	0	0	0	0	0	0	0	0	0
DB01278	4	0	0	0	0	0	0	3	3	17	11
DB01277	4	1	2	4	56	84	177	418	702	25056	435
DB01245	4	0	0	0	0	0	0	2	4	7	24
DB01226	4	0	0	0	0	0	0	10	10	153	24
DB01223	4	2	5	4	29	29	59	435	451	7824	436
DB01213	4	0	0	1	1	1	2	9	13	145	16
DB01211	4	1	1	1	1	1	4	20	20	147	20
DB01199	4	0	0	0	0	0	0	1	2	2	21
DB01196	4	4	26	4	54	67	198	215	256	5459	215
DB01182	4	1	1	4	12	13	42	167	223	3034	174
DB01140	4	0	0	0	0	0	0	0	0	0	0
DB01138	4	2	14	3	12	13	47	105	170	3338	105
DB01132	4	1	1	4	39	53	135	150	201	3847	166
DB01114	4	2	2	0	0	0	0	18	27	174	20
DB01108	4	2	22	2	47	59	176	205	249	5110	207
DB01100	4	2	2	3	5	6	9	89	142	2365	97
DB01094	4	1	5	0	0	0	0	5	6	42	13
DB01085	4	0	0	0	0	0	0	15	18	307	15
DB01079	4	0	0	3	3	5	11	61	150	2857	66
DB01044	4	0	0	0	0	0	0	0	0	0	0
DB01034	4	0	0	1	7	7	33	18	18	409	19
DB01033	4	4	5	2	3	3	5	93	120	2396	93
DB01025	4	1	1	2	22	22	108	35	36	1187	35
DB01019	4	0	0	0	0	0	0	15	18	307	15
DB01014	4	1	1	3	25	26	80	117	123	2574	130
DB01000	4	0	0	0	0	0	0	0	0	0	0
DB00952	4	1	1	4	3	7	10	61	218	3898	63
DB00922	4	0	0	2	6	6	6	170	173	2386	213
DB00921	4	0	0	4	1	4	4	63	218	3858	70
DB00905	4	0	0	4	4	6	20	75	160	2828	89
DB00903	4	1	1	3	20	20	40	128	128	1674	145
DB00893	4	0	0	1	1	1	2	14	16	95	30
DB00880	4	3	3	1	1	1	5	11	16	70	11
DB00869	4	4	4	1	1	1	5	9	19	91	9
DB00866	4	1	1	4	9	11	46	108	241	4591	114
DB00865	4	2	2	3	5	6	6	79	117	2087	80
DB00834	4	4	22	4	36	48	154	160	196	4568	160
DB00825	4	0	0	2	3	3	3	112	112	2524	113
DB00809	4	0	0	0	0	0	0	15	18	307	15
DB00799	4	4	10	4	27	47	133	96	184	3530	96
DB00798	4	1	4	1	4	4	5	26	26	189	32
DB00756	4	1	17	2	46	46	118	198	198	3761	203
DB00741	4	2	5	2	17	17	58	87	87	1971	94
DB00704	4	1	1	3	1	3	3	63	167	2906	69
DB00697	4	1	1	3	2	4	4	59	163	3020	59
DB00692	4	4	4	4	5	9	9	73	201	3776	73
DB00669	4	1	1	4	3	7	10	61	218	3898	63
DB00657	4	0	0	0	0	0	0	2	5	8	17
DB00647	4	0	0	3	1	3	3	64	168	2912	77
DB00642	4	4	15	2	5	5	22	47	47	1035	47
DB00640	4	1	1	2	2	2	3	61	146	3181	64
DB00637	4	3	4	2	12	13	38	58	73	1116	58
DB00627	4	0	0	0	0	0	0	0	0	0	0
DB00608	4	1	1	2	16	16	61	189	191	3148	200
DB00604	4	1	1	2	3	3	6	74	74	1154	79
DB00588	4	2	9	4	30	42	120	135	170	4423	138
DB00579	4	1	1	1	1	1	1	16	25	158	18
DB00574	4	0	0	3	3	5	11	68	157	2874	74
DB00573	4	1	1	4	38	47	138	147	184	3954	160
DB00564	4	1	12	2	13	13	37	105	106	947	121
DB00518	4	2	7	2	32	54	176	195	320	8897	195
DB00515	4	4	4	3	4	4	22	38	38	702	38
DB00491	4	0	0	1	1	1	1	7	17	102	13
DB00487	4	1	16	1	2	2	6	95	95	1310	95
DB00482	4	2	2	3	63	68	202	206	217	5821	208
DB00481	4	4	24	4	48	62	197	221	266	5448	221
DB00480	4	1	1	3	20	22	78	66	69	1790	69
DB00472	4	1	1	3	9	9	19	150	150	2251	156
DB00424	4	0	0	0	0	0	0	15	18	307	15
DB00391	4	2	2	3	5	6	10	77	135	2285	85
DB00387	4	0	0	0	0	0	0	15	18	307	15
DB00384	4	0	0	4	1	4	16	17	58	1744	20
DB00360	4	0	0	2	15	15	43	128	128	1256	138
DB00346	4	4	4	4	5	8	11	76	165	2859	76
DB00336	4	0	0	0	0	0	0	0	0	0	0
DB00320	4	1	1	4	4	8	14	70	211	3919	72
DB00319	4	0	0	0	0	0	0	0	0	0	0
DB00315	4	1	1	4	3	7	10	61	218	3898	63
DB00295	4	0	0	4	2	4	4	226	330	4319	233
DB00284	4	0	0	1	1	1	3	3	7	84	9
DB00276	4	3	18	4	6	6	13	133	133	1536	133
DB00257	4	1	12	2	9	12	37	38	51	1000	41
DB00254	4	0	0	1	1	1	1	26	26	336	46
DB00232	4	3	3	1	1	1	5	11	16	70	11
DB00198	4	0	0	0	0	0	0	2	2	8	10
DB00138	4	0	0	0	0	0	0	13	14	29	25
DB00135	4	0	0	3	5	5	10	16	17	189	43
DB00117	4	0	0	3	4	4	11	19	19	654	25
DB00091	4	0	0	3	24	35	69	245	396	6295	290
DB00048	4	1	1	3	6	7	24	40	79	463	48
DB00029	4	1	1	4	21	23	43	162	188	1916	177
DB00015	4	1	1	4	21	23	43	162	188	1916	177
DB00009	4	1	1	4	21	23	43	162	188	1916	177
DB13179	3	1	12	1	9	9	33	33	33	652	33
DB13174	3	1	1	2	12	18	50	51	76	1340	56
DB13150	3	0	0	2	3	6	6	55	100	308	70
DB13149	3	0	0	3	7	9	14	126	172	570	201
DB12831	3	0	0	3	17	20	70	119	208	1222	129
DB12332	3	3	8	3	12	16	39	91	153	3511	91
DB12140	3	1	1	3	17	18	58	97	104	2360	110
DB11691	3	0	0	3	1	3	3	63	167	2906	69
DB11605	3	3	14	3	26	37	120	92	123	2657	92
DB11294	3	0	0	1	1	1	1	18	18	118	41
DB11133	3	1	1	3	31	38	119	140	179	3532	153
DB11064	3	3	37	3	67	97	262	380	466	9068	380
DB09517	3	0	0	1	1	1	2	6	8	66	18
DB09396	3	0	0	3	1	3	3	63	167	2906	69
DB09389	3	2	20	2	43	53	146	260	286	5478	260
DB09272	3	0	0	3	1	3	3	63	167	2906	69
DB09262	3	0	0	0	0	0	0	12	12	247	12
DB09112	3	0	0	1	1	1	2	7	10	85	17
DB09097	3	0	0	1	4	4	4	71	143	2900	81
DB09074	3	3	8	3	12	16	39	91	153	3511	91
DB09047	3	1	16	1	2	2	6	95	95	1310	95
DB09014	3	0	0	2	1	2	2	71	111	1956	73
DB08916	3	3	26	3	70	130	531	381	612	16233	381
DB08915	3	2	2	3	44	58	186	169	217	4005	180
DB08910	3	0	0	2	22	23	59	103	105	2477	116
DB08888	3	1	1	2	2	2	4	32	32	311	35
DB08885	3	3	7	3	29	60	317	63	98	3002	63
DB08875	3	3	25	3	50	105	329	559	1080	40245	559
DB08867	3	3	24	3	48	67	183	294	358	7112	294
DB08810	3	1	1	2	2	3	3	70	111	1987	75
DB08808	3	0	0	3	8	10	45	88	184	3611	94
DB06822	3	2	2	3	15	15	19	95	95	468	96
DB06713	3	3	21	3	45	55	148	274	300	5501	274
DB06707	3	1	1	3	2	4	4	58	162	3018	58
DB06701	3	1	1	0	0	0	0	13	22	123	15
DB06626	3	3	36	3	48	118	376	396	985	40836	396
DB06614	3	0	0	0	0	0	0	0	0	0	0
DB06594	3	2	2	3	3	3	3	53	65	1309	53
DB06372	3	1	1	1	5	5	18	21	26	589	21
DB06274	3	0	0	3	1	3	3	63	167	2906	69
DB06218	3	1	1	3	4	11	11	66	186	596	67
DB06207	3	3	3	3	4	7	7	56	145	2712	56
DB06202	3	3	23	3	48	60	177	240	288	6002	240
DB06101	3	3	36	3	48	118	376	396	985	40836	396
DB06096	3	0	0	3	10	12	22	178	230	2958	189
DB05766	3	0	0	2	4	5	5	70	125	2313	78
DB05659	3	0	0	0	0	0	0	0	0	0	0
DB05521	3	0	0	0	0	0	0	0	0	0	0
DB05487	3	3	23	3	84	107	308	468	615	13520	468
DB05469	3	3	3	3	4	7	7	56	145	2712	56
DB05461	3	0	0	3	2	4	10	63	152	2877	63
DB05428	3	3	9	2	5	5	13	72	132	1628	72
DB05408	3	0	0	3	21	33	79	114	207	5210	136
DB05387	3	3	7	2	9	9	13	39	48	843	39
DB05383	3	0	0	3	34	34	51	139	139	889	173
DB05194	3	1	1	1	4	4	6	4	4	18	4
DB05187	3	1	1	3	28	41	109	133	182	3523	146
DB05168	3	3	4	0	0	0	0	0	0	0	0
DB05137	3	0	0	0	0	0	0	1	3	3	10
DB05122	3	2	2	3	13	20	62	144	251	2905	148
DB04967	3	3	27	3	13	13	35	150	157	2151	150
DB04957	3	1	1	3	5	5	8	46	51	313	47
DB04932	3	0	0	1	1	1	1	60	130	2679	63
DB04930	3	3	30	3	51	56	152	225	241	4399	225
DB04918	3	0	0	0	0	0	0	0	0	0	0
DB04908	3	1	1	2	2	3	3	70	111	1987	75
DB04899	3	0	0	3	8	24	42	93	269	6390	99
DB04894	3	2	2	2	2	3	3	68	121	2303	70
DB04892	3	0	0	1	5	5	14	64	64	907	87
DB04889	3	1	1	1	4	4	4	70	74	1219	77
DB04884	3	1	1	3	2	4	4	68	160	2862	68
DB04879	3	3	36	3	48	118	376	396	985	40836	396
DB04851	3	3	4	2	2	3	4	95	173	3114	95
DB04847	3	0	0	3	2	4	8	25	38	277	26
DB04842	3	0	0	2	5	6	6	81	122	2222	96
DB04832	3	0	0	2	12	24	52	27	46	694	32
DB04743	3	0	0	2	13	13	24	30	30	1013	32
DB04725	3	1	1	1	12	12	23	30	30	910	32
DB04576	3	1	16	1	2	2	6	95	95	1310	95
DB04573	3	3	27	2	47	59	176	199	237	5050	199
DB04335	3	1	1	0	0	0	0	1	1	2	1
DB03516	3	3	3	2	2	2	2	37	37	86	37
DB02703	3	0	0	0	0	0	0	0	0	0	0
DB02638	3	0	0	3	2	3	20	67	153	3229	68
DB02383	3	0	0	3	3	7	7	13	32	98	24
DB01623	3	0	0	2	5	6	6	81	157	3013	96
DB01580	3	0	0	3	8	10	45	88	184	3611	94
DB01579	3	3	3	2	4	5	5	58	102	1829	58
DB01535	3	0	0	3	1	3	3	63	167	2906	69
DB01488	3	0	0	2	4	4	7	60	94	1892	66
DB01436	3	2	3	2	26	31	66	146	167	2552	146
DB01427	3	0	0	3	14	15	40	92	95	2078	104
DB01412	3	0	0	2	3	3	3	68	109	2299	72
DB01395	3	2	20	3	44	57	165	263	301	5798	264
DB01338	3	0	0	0	0	0	0	10	10	153	19
DB01337	3	0	0	0	0	0	0	10	10	153	19
DB01295	3	1	1	3	11	11	37	99	180	3486	105
DB01288	3	0	0	3	8	10	45	88	184	3611	94
DB01240	3	0	0	2	3	3	9	42	43	997	43
DB01231	3	0	0	0	0	0	0	12	12	247	12
DB01227	3	0	0	1	1	1	1	62	63	995	79
DB01216	3	0	0	1	2	2	2	11	11	59	22
DB01208	3	1	16	1	2	2	6	95	95	1310	95
DB01195	3	1	1	3	5	9	12	100	118	577	101
DB01179	3	3	29	3	35	49	148	284	398	9814	284
DB01165	3	1	16	1	2	2	6	95	95	1310	95
DB01156	3	1	1	0	0	0	0	13	17	109	22
DB01154	3	0	0	0	0	0	0	9	11	44	25
DB01150	3	0	0	0	0	0	0	0	0	0	0
DB01137	3	1	16	1	2	2	6	95	95	1310	95
DB01123	3	0	0	1	10	10	35	94	94	808	101
DB01117	3	0	0	1	1	1	1	14	14	21	15
DB01105	3	1	1	0	0	0	0	13	22	123	15
DB01103	3	0	0	2	15	18	29	123	136	4370	126
DB01102	3	0	0	3	8	10	45	88	184	3611	94
DB01097	3	2	2	3	29	30	106	127	128	2901	128
DB01092	3	0	0	3	6	18	30	43	121	1069	52
DB01090	3	0	0	0	0	0	0	2	4	5	14
DB01083	3	0	0	1	7	7	33	21	21	463	26
DB01076	3	1	1	3	5	5	23	39	39	669	55
DB01074	3	1	1	3	4	6	16	25	27	270	26
DB01073	3	3	13	2	17	17	30	206	206	2848	206
DB01063	3	1	15	2	38	38	96	295	337	5883	305
DB01062	3	0	0	0	0	0	0	12	12	247	12
DB01059	3	1	16	1	2	2	6	95	95	1310	95
DB01038	3	0	0	1	4	4	4	71	143	2900	81
DB01035	3	2	3	3	13	13	44	157	166	1880	158
DB01015	3	1	1	1	1	1	3	5	5	103	5
DB01009	3	0	0	3	14	14	41	34	35	1070	41
DB01001	3	0	0	3	8	10	45	88	184	3611	94
DB00986	3	0	0	0	0	0	0	12	12	247	12
DB00983	3	0	0	3	8	10	45	88	184	3611	94
DB00981	3	0	0	0	0	0	0	2	3	6	24
DB00978	3	1	16	1	2	2	6	95	95	1310	95
DB00977	3	3	34	2	48	53	149	199	215	4292	199
DB00973	3	0	0	0	0	0	0	12	12	39	21
DB00964	3	2	2	3	4	6	6	67	158	2954	67
DB00957	3	3	37	3	67	97	262	380	466	9068	380
DB00953	3	0	0	3	3	6	9	58	161	2918	60
DB00949	3	0	0	3	9	16	24	133	332	3737	140
DB00948	3	0	0	0	0	0	0	0	0	0	0
DB00938	3	0	0	3	8	10	45	88	184	3611	94
DB00936	3	0	0	3	15	15	42	38	39	1014	51
DB00929	3	0	0	2	3	3	23	61	131	2785	62
DB00916	3	0	0	0	0	0	0	3	3	20	3
DB00915	3	0	0	2	6	6	6	150	151	1897	157
DB00899	3	0	0	3	1	3	3	63	167	2906	69
DB00877	3	2	5	3	52	59	217	573	592	15319	593
DB00871	3	0	0	3	8	10	45	88	184	3611	94
DB00863	3	0	0	0	0	0	0	39	39	806	47
DB00862	3	1	1	3	2	3	3	25	40	240	25
DB00854	3	0	0	3	1	3	3	63	167	2906	69
DB00850	3	1	1	1	4	4	4	68	103	2006	78
DB00844	3	0	0	3	1	3	3	63	167	2906	69
DB00813	3	0	0	3	1	3	3	63	167	2906	69
DB00812	3	0	0	3	15	15	48	32	34	1117	35
DB00788	3	0	0	2	13	13	40	28	29	976	30
DB00787	3	0	0	0	0	0	0	0	0	0	0
DB00770	3	0	0	1	1	1	1	52	88	1741	54
DB00749	3	1	2	3	32	34	89	134	139	2483	136
DB00728	3	0	0	0	0	0	0	8	8	125	17
DB00723	3	3	3	3	4	7	7	56	145	2712	56
DB00720	3	3	3	3	9	16	32	32	67	984	32
DB00708	3	0	0	3	1	3	3	63	167	2906	69
DB00706	3	3	3	3	4	7	7	56	145	2712	56
DB00698	3	0	0	0	0	0	0	0	0	0	0
DB00687	3	2	19	3	39	52	148	273	325	5931	274
DB00686	3	2	2	3	22	53	307	59	105	3172	59
DB00685	3	1	16	1	2	2	6	95	95	1310	95
DB00677	3	1	1	1	2	2	2	18	18	382	25
DB00652	3	0	0	2	1	2	2	63	116	1959	69
DB00641	3	0	0	3	12	14	26	156	161	2140	176
DB00634	3	0	0	0	0	0	0	0	0	0	0
DB00624	3	2	32	3	60	82	227	361	433	7887	362
DB00611	3	0	0	3	1	3	3	63	167	2906	69
DB00580	3	2	2	2	13	13	28	34	39	967	36
DB00558	3	0	0	0	0	0	0	0	0	0	0
DB00545	3	1	1	1	2	2	2	16	16	73	23
DB00535	3	1	1	1	1	1	2	1	1	72	1
DB00527	3	1	1	2	4	8	8	74	133	498	76
DB00517	3	0	0	0	0	0	0	12	12	247	12
DB00513	3	0	0	3	9	13	27	102	192	738	109
DB00512	3	1	1	1	2	2	2	16	16	73	16
DB00509	3	2	2	2	16	28	72	50	77	2036	50
DB00505	3	0	0	0	0	0	0	12	12	247	12
DB00499	3	3	28	3	39	45	145	271	289	4975	271
DB00489	3	1	1	3	8	9	38	106	153	2745	112
DB00484	3	1	1	3	2	4	4	58	162	3018	58
DB00476	3	1	1	0	0	0	0	13	22	123	15
DB00467	3	1	16	1	2	2	6	95	95	1310	95
DB00462	3	0	0	0	0	0	0	12	12	247	12
DB00446	3	0	0	1	3	3	3	5	5	11	6
DB00441	3	3	17	1	3	3	7	48	48	450	48
DB00435	3	0	0	1	8	8	14	88	88	2128	91
DB00428	3	3	3	0	0	0	0	8	8	20	8
DB00422	3	1	1	0	0	0	0	13	22	123	15
DB00400	3	0	0	1	1	1	1	1	1	4	10
DB00395	3	0	0	0	0	0	0	6	6	23	30
DB00392	3	0	0	1	2	2	2	98	98	920	99
DB00388	3	3	3	3	4	7	7	56	145	2712	56
DB00383	3	0	0	0	0	0	0	12	12	247	12
DB00382	3	0	0	0	0	0	0	1	1	6	10
DB00374	3	0	0	2	8	8	12	64	65	1401	66
DB00373	3	0	0	2	8	8	34	87	133	2598	93
DB00372	3	0	0	1	4	4	4	68	103	2006	78
DB00366	3	1	1	1	3	3	4	23	23	474	25
DB00350	3	0	0	1	1	1	17	21	21	302	28
DB00332	3	0	0	0	0	0	0	12	12	247	12
DB00330	3	0	0	0	0	0	0	0	0	0	0
DB00327	3	0	0	3	1	3	3	63	167	2906	69
DB00318	3	0	0	3	1	3	3	63	167	2906	69
DB00307	3	3	6	3	28	55	133	118	198	3520	118
DB00298	3	3	3	3	4	7	7	56	145	2712	56
DB00285	3	1	1	0	0	0	0	13	22	123	15
DB00279	3	2	2	3	38	51	167	362	393	7315	421
DB00266	3	0	0	1	3	3	9	10	10	134	25
DB00245	3	1	1	0	0	0	0	19	19	246	20
DB00239	3	1	12	1	9	9	33	33	33	652	33
DB00227	3	1	4	3	31	31	65	419	419	7186	434
DB00222	3	0	0	1	2	2	4	74	75	1394	78
DB00218	3	1	16	1	2	2	6	95	95	1310	95
DB00211	3	3	3	3	4	7	7	56	145	2712	56
DB00207	3	0	0	0	0	0	0	2	2	82	2
DB00206	3	1	1	1	1	1	1	3	4	36	3
DB00205	3	1	4	0	0	0	0	5	5	36	6
DB00204	3	1	1	2	3	3	6	57	57	471	59
DB00203	3	1	1	3	2	3	3	25	40	240	25
DB00199	3	2	2	3	4	4	7	80	80	1102	81
DB00194	3	0	0	0	0	0	0	0	0	0	0
DB00168	3	0	0	1	3	3	3	6	6	150	10
DB00166	3	0	0	0	0	0	0	15	15	278	16
DB00161	3	0	0	2	38	38	144	141	141	3426	145
DB00158	3	3	4	0	0	0	0	0	0	0	0
DB00156	3	0	0	1	2	2	5	46	72	904	67
DB00150	3	0	0	0	0	0	0	3	3	12	3
DB00140	3	0	0	0	0	0	0	3	3	8	6
DB00136	3	1	1	3	12	12	19	66	66	1155	70
DB00130	3	1	2	1	1	1	1	33	33	336	38
DB00104	3	3	3	3	3	5	5	64	170	2909	64
DB00102	3	3	18	3	49	83	225	379	677	27764	379
DB00067	3	0	0	3	2	3	20	67	153	3229	68
DB00062	3	0	0	1	2	2	2	20	20	95	30
DB00042	3	0	0	1	1	1	1	103	170	4153	172
DB00041	3	3	6	3	14	21	31	41	58	1780	41
DB00040	3	0	0	0	0	0	0	3	3	37	5
DB00035	3	0	0	3	2	3	20	67	153	3229	68
DB00004	3	3	6	3	14	21	31	41	58	1780	41
DB13165	2	0	0	2	8	13	54	43	62	2211	46
DB12483	2	2	4	2	64	116	380	476	906	27640	476
DB12095	2	0	0	0	0	0	0	0	0	0	0
DB11943	2	0	0	0	0	0	0	0	0	0	0
DB11793	2	2	6	2	12	14	33	91	125	2791	91
DB11731	2	2	25	2	80	86	273	455	467	11734	455
DB11730	2	2	6	2	71	136	315	540	1004	21145	540
DB11714	2	2	5	2	4	4	9	7	7	86	7
DB11614	2	1	1	0	0	0	0	5	5	51	5
DB11596	2	2	2	0	0	0	0	0	0	0	0
DB11560	2	0	0	0	0	0	0	3	5	11	3
DB11166	2	0	0	2	11	13	38	96	140	924	115
DB09535	2	2	22	2	47	59	176	199	237	5050	199
DB09477	2	0	0	1	1	1	1	60	61	1176	61
DB09472	2	2	2	1	1	1	5	8	13	67	8
DB09323	2	0	0	0	0	0	0	0	0	0	0
DB09300	2	0	0	0	0	0	0	9	9	152	9
DB09242	2	1	1	1	2	2	2	57	57	1066	57
DB09241	2	0	0	2	14	16	32	179	208	3143	191
DB09131	2	0	0	1	2	2	2	77	77	307	83
DB09123	2	2	20	2	43	53	146	259	284	5428	259
DB09085	2	0	0	2	2	2	2	25	29	255	29
DB09073	2	2	6	2	71	136	315	540	1004	21145	540
DB09071	2	2	2	2	2	2	2	9	15	382	9
DB09052	2	2	3	2	9	10	21	28	29	745	28
DB09050	2	0	0	0	0	0	0	0	0	0	0
DB09034	2	0	0	2	1	2	2	44	88	1764	45
DB09033	2	2	2	2	10	11	23	129	135	1451	129
DB09013	2	0	0	2	8	8	34	87	133	2598	93
DB08964	2	0	0	1	1	1	1	55	89	1779	56
DB08949	2	0	0	0	0	0	0	0	0	0	0
DB08932	2	0	0	2	7	9	66	65	115	2573	69
DB08918	2	1	1	0	0	0	0	7	11	23	8
DB08911	2	2	2	2	64	123	379	360	696	25001	360
DB08908	2	0	0	2	38	39	92	369	399	5859	398
DB08907	2	0	0	1	1	1	18	1	1	64	1
DB08892	2	0	0	2	2	3	3	14	22	230	17
DB08891	2	0	0	2	2	3	3	14	22	230	17
DB08877	2	1	1	2	73	123	311	427	744	29055	434
DB08872	2	0	0	1	2	2	2	14	26	91	15
DB08871	2	2	15	2	33	38	94	225	230	5913	225
DB08868	2	1	5	1	33	33	85	419	419	6813	419
DB08865	2	2	6	2	34	38	114	426	451	14420	426
DB08864	2	1	12	1	9	9	33	33	33	652	33
DB08801	2	1	1	0	0	0	0	9	12	175	9
DB08439	2	0	0	2	13	13	24	30	30	1013	32
DB06819	2	0	0	0	0	0	0	0	0	0	0
DB06813	2	2	13	0	0	0	0	5	5	36	5
DB06802	2	0	0	2	13	13	40	28	29	976	30
DB06800	2	0	0	2	1	2	2	61	114	1952	67
DB06791	2	2	2	2	2	3	3	63	116	1949	63
DB06774	2	0	0	2	4	4	5	19	19	342	27
DB06772	2	2	15	2	28	42	131	179	271	7820	179
DB06751	2	0	0	2	9	10	13	95	96	1378	100
DB06736	2	0	0	2	13	13	40	28	29	976	30
DB06725	2	0	0	2	13	13	40	28	29	976	30
DB06719	2	2	8	2	2	2	2	53	56	1040	53
DB06716	2	0	0	0	0	0	0	1	2	2	12
DB06714	2	0	0	1	1	1	1	37	37	811	37
DB06711	2	2	2	2	4	5	5	65	103	1952	65
DB06710	2	2	32	2	59	78	208	357	416	7517	357
DB06706	2	1	1	2	4	4	4	50	50	923	50
DB06700	2	1	1	0	0	0	0	7	11	23	8
DB06698	2	1	1	1	1	1	1	56	58	1036	56
DB06681	2	1	2	2	4	5	10	10	12	81	10
DB06512	2	0	0	2	2	3	3	59	104	1934	64
DB06414	2	0	0	0	0	0	0	0	0	0	0
DB06412	2	1	15	1	34	34	92	235	235	3885	235
DB06403	2	0	0	2	7	9	66	65	115	2573	69
DB06401	2	2	22	2	47	59	176	199	237	5050	199
DB06271	2	1	1	2	1	2	2	17	34	172	17
DB06268	2	0	0	2	7	9	66	65	115	2573	69
DB06212	2	0	0	2	2	2	19	67	106	2329	68
DB06201	2	0	0	2	12	12	17	126	126	479	129
DB06196	2	0	0	0	0	0	0	14	14	79	16
DB06155	2	1	1	1	2	2	2	60	60	1090	60
DB06103	2	2	2	2	3	3	5	87	114	2340	87
DB06098	2	2	2	2	6	10	20	24	44	906	24
DB06077	2	0	0	2	5	6	6	76	117	2203	87
DB06070	2	2	5	2	110	186	595	785	1422	26072	785
DB05944	2	2	25	2	70	101	392	360	486	12459	360
DB05913	2	2	24	2	49	74	179	378	650	27108	378
DB05882	2	2	22	2	47	59	176	199	237	5050	199
DB05869	2	0	0	2	22	24	81	179	185	3585	197
DB05855	2	1	1	1	2	2	5	18	18	228	29
DB05829	2	0	0	0	0	0	0	4	4	63	8
DB05798	2	2	2	2	15	27	46	136	246	9799	136
DB05777	2	0	0	2	14	14	44	137	143	955	203
DB05739	2	0	0	2	4	5	26	91	130	2922	96
DB05737	2	0	0	0	0	0	0	0	0	0	1
DB05688	2	1	1	0	0	0	0	7	11	23	8
DB05687	2	0	0	2	5	6	6	76	117	2203	87
DB05679	2	0	0	2	5	5	15	13	14	205	15
DB05509	2	1	1	2	1	2	2	66	117	1971	71
DB05507	2	1	1	2	12	12	42	72	72	2114	84
DB05501	2	1	1	2	17	19	51	120	194	3900	125
DB05488	2	1	5	1	2	2	17	95	95	1309	95
DB05483	2	1	1	0	0	0	0	17	21	898	20
DB05472	2	2	7	2	3	3	8	21	30	703	21
DB05471	2	2	6	2	54	63	192	316	433	9880	316
DB05465	2	2	9	2	24	24	55	225	225	11586	225
DB05464	2	2	6	2	54	63	192	316	433	9880	316
DB05459	2	0	0	2	5	5	15	13	14	205	15
DB05458	2	0	0	0	0	0	0	2	3	6	17
DB05452	2	0	0	2	1	2	2	47	94	1800	48
DB05451	2	2	6	2	54	63	192	316	433	9880	316
DB05416	2	1	1	2	22	28	69	73	92	1935	75
DB05398	2	0	0	1	2	2	15	12	12	115	16
DB05389	2	2	2	1	1	1	4	15	15	65	15
DB05386	2	1	1	0	0	0	0	0	0	0	0
DB05361	2	1	1	1	1	1	1	26	30	232	32
DB05351	2	0	0	1	3	3	7	45	45	163	51
DB05317	2	0	0	1	2	2	2	10	10	145	22
DB05316	2	0	0	2	5	6	6	76	117	2203	87
DB05304	2	2	4	1	5	5	14	23	23	416	23
DB05303	2	0	0	2	15	15	48	86	89	1973	101
DB05301	2	0	0	2	10	10	31	97	98	3063	113
DB05281	2	2	12	2	43	46	139	254	259	6371	254
DB05265	2	0	0	0	0	0	0	0	0	0	2
DB05255	2	1	1	1	14	14	19	107	107	309	107
DB05254	2	0	0	2	13	14	33	87	93	1050	94
DB05235	2	1	1	1	13	13	42	37	37	997	37
DB05212	2	2	6	2	54	63	192	316	433	9880	316
DB05207	2	0	0	2	15	15	48	86	89	1973	101
DB05203	2	0	0	0	0	0	0	15	16	246	20
DB05202	2	0	0	1	16	16	37	136	136	2357	143
DB05198	2	2	20	2	57	61	166	563	581	18180	563
DB05190	2	2	7	2	37	62	118	220	379	15357	220
DB05171	2	0	0	0	0	0	0	4	7	19	8
DB05169	2	2	4	2	21	28	52	255	426	8009	255
DB05161	2	1	2	1	1	1	1	15	19	175	16
DB05149	2	2	2	1	52	52	177	223	223	5425	223
DB05142	2	0	0	1	1	1	1	7	7	116	7
DB05134	2	2	5	2	110	186	595	785	1422	26072	785
DB05129	2	2	26	2	7	7	21	120	122	1722	120
DB05096	2	0	0	2	8	16	16	61	120	268	62
DB05080	2	1	1	1	1	1	1	56	58	1036	56
DB05079	2	1	1	1	2	2	2	59	59	1058	64
DB05078	2	0	0	2	4	5	6	18	19	490	19
DB05069	2	0	0	0	0	0	0	1	2	2	3
DB05046	2	0	0	2	1	2	2	61	114	1952	67
DB05045	2	0	0	2	1	2	2	53	104	1906	55
DB05041	2	2	2	0	0	0	0	0	0	0	0
DB05037	2	2	5	2	83	153	351	755	1304	24586	755
DB05035	2	2	2	2	16	28	72	50	77	2036	50
DB05024	2	1	1	2	16	18	40	62	65	1380	62
DB05022	2	2	21	2	3	4	23	103	190	2619	103
DB05017	2	0	0	2	13	13	40	83	84	1789	96
DB05013	2	2	5	2	55	82	173	381	659	23669	381
DB05010	2	0	0	2	2	3	3	14	22	230	17
DB05003	2	2	12	2	4	5	15	56	81	917	56
DB04988	2	2	25	2	70	101	392	360	486	12459	360
DB04971	2	1	1	2	27	34	98	126	155	2978	137
DB04959	2	2	2	0	0	0	0	20	20	398	20
DB04942	2	2	6	2	20	26	78	74	106	2002	74
DB04941	2	0	0	1	5	5	5	147	147	2142	169
DB04924	2	0	0	1	4	4	4	64	65	1224	70
DB04919	2	0	0	2	6	9	9	32	55	1287	35
DB04917	2	0	0	0	0	0	0	0	0	0	0
DB04912	2	0	0	1	1	1	2	8	9	153	9
DB04905	2	2	5	1	6	6	18	112	112	2183	112
DB04903	2	0	0	0	0	0	0	5	10	44	19
DB04893	2	2	3	2	2	2	3	12	17	35	12
DB04891	2	1	1	2	27	29	85	123	132	1873	126
DB04888	2	1	1	2	4	5	5	69	120	2176	75
DB04869	2	0	0	0	0	0	0	1	1	1	6
DB04868	2	2	22	2	76	100	238	538	757	29204	538
DB04866	2	2	4	2	7	7	10	47	49	602	47
DB04865	2	0	0	1	4	4	4	226	226	1476	318
DB04863	2	1	1	2	24	30	97	180	198	3727	181
DB04861	2	0	0	2	8	8	34	87	133	2598	93
DB04846	2	0	0	2	8	8	34	87	133	2598	93
DB04844	2	0	0	2	5	5	5	66	66	1231	72
DB04843	2	0	0	0	0	0	0	5	5	123	5
DB04839	2	2	16	2	37	40	122	258	273	4558	258
DB04838	2	0	0	0	0	0	0	13	13	48	21
DB04836	2	1	1	0	0	0	0	7	11	23	8
DB04794	2	0	0	1	1	1	12	3	3	30	5
DB04574	2	2	22	2	47	59	176	199	237	5050	199
DB04398	2	0	0	0	0	0	0	0	0	0	0
DB03925	2	1	2	1	1	1	1	14	17	137	14
DB03849	2	0	0	2	3	5	5	23	39	967	25
DB03424	2	2	2	0	0	0	0	9	9	17	9
DB02187	2	2	18	1	44	44	116	193	193	3662	193
DB01626	2	0	0	2	12	24	52	20	39	677	24
DB01625	2	0	0	0	0	0	0	8	8	88	8
DB01620	2	1	1	1	3	3	4	20	20	379	22
DB01613	2	0	0	2	8	16	28	93	183	4281	98
DB01611	2	1	1	2	5	7	30	122	230	3042	124
DB01606	2	0	0	0	0	0	0	0	0	0	0
DB01600	2	0	0	2	13	13	40	28	29	976	30
DB01599	2	0	0	1	17	17	31	56	56	887	70
DB01586	2	1	1	2	9	9	31	34	34	624	45
DB01583	2	2	2	2	16	28	72	50	77	2036	50
DB01549	2	0	0	2	6	6	6	150	151	1897	157
DB01444	2	0	0	2	1	2	2	62	113	1945	67
DB01440	2	0	0	0	0	0	0	2	2	2	13
DB01435	2	0	0	2	13	13	40	28	29	976	30
DB01431	2	2	22	2	53	63	170	210	232	5191	210
DB01419	2	0	0	2	13	13	40	28	29	976	30
DB01414	2	0	0	0	0	0	0	0	0	0	0
DB01405	2	0	0	0	0	0	0	0	0	0	0
DB01401	2	0	0	2	13	13	40	28	29	976	30
DB01399	2	0	0	2	13	13	40	28	29	976	30
DB01397	2	0	0	2	13	13	40	28	29	976	30
DB01394	2	2	16	2	23	39	97	156	274	8046	156
DB01382	2	0	0	1	2	2	4	71	71	1375	75
DB01369	2	0	0	0	0	0	0	0	0	0	0
DB01367	2	1	6	2	33	33	77	128	128	2556	131
DB01349	2	0	0	2	4	5	26	91	130	2922	96
DB01336	2	0	0	0	0	0	0	8	8	125	17
DB01299	2	0	0	0	0	0	0	0	0	0	0
DB01291	2	0	0	2	8	8	34	87	133	2598	93
DB01285	2	0	0	0	0	0	0	38	38	798	41
DB01283	2	0	0	2	13	13	40	28	29	976	30
DB01281	2	1	2	2	4	5	10	10	12	81	10
DB01275	2	0	0	0	0	0	0	3	3	45	3
DB01259	2	2	25	2	70	101	392	360	486	12459	360
DB01255	2	1	1	1	2	2	2	62	62	1035	63
DB01252	2	0	0	2	15	15	44	156	157	2924	170
DB01251	2	0	0	1	2	2	4	69	69	1339	72
DB01250	2	0	0	0	0	0	0	11	11	83	11
DB01247	2	0	0	2	12	24	52	20	39	677	24
DB01225	2	1	1	2	4	4	4	63	63	202	76
DB01220	2	1	12	1	9	9	33	33	33	652	33
DB01218	2	1	1	1	1	1	4	20	20	147	20
DB01214	2	0	0	2	8	8	34	87	133	2598	93
DB01210	2	0	0	2	8	8	34	87	133	2598	93
DB01209	2	0	0	2	1	2	2	61	114	1952	67
DB01207	2	0	0	1	7	7	10	56	56	1218	56
DB01203	2	0	0	2	8	8	34	87	133	2598	93
DB01202	2	0	0	1	2	2	2	65	65	345	68
DB01193	2	0	0	2	8	8	34	87	133	2598	93
DB01192	2	0	0	2	1	2	2	62	113	1945	67
DB01191	2	0	0	1	1	1	1	57	57	944	58
DB01184	2	0	0	2	4	5	5	69	122	2218	77
DB01176	2	1	1	0	0	0	0	5	5	51	5
DB01168	2	0	0	2	12	24	52	20	39	677	24
DB01167	2	0	0	0	0	0	0	3	3	20	3
DB01160	2	0	0	2	2	2	2	48	84	1710	48
DB01155	2	0	0	0	0	0	0	0	0	0	0
DB01148	2	0	0	0	0	0	0	10	10	219	10
DB01146	2	1	1	0	0	0	0	16	16	151	17
DB01143	2	2	2	0	0	0	0	1	1	36	1
DB01135	2	0	0	0	0	0	0	8	8	125	17
DB01133	2	0	0	2	47	47	177	190	190	4654	196
DB01131	2	1	4	0	0	0	0	5	5	36	5
DB01127	2	1	12	1	9	9	33	33	33	652	33
DB01126	2	0	0	0	0	0	0	2	2	50	2
DB01124	2	0	0	1	2	2	4	71	71	1375	75
DB01120	2	1	5	2	29	30	125	126	127	3030	129
DB01113	2	0	0	2	2	3	3	16	23	528	17
DB01106	2	1	1	1	1	1	1	51	51	949	52
DB01104	2	0	0	0	0	0	0	13	18	117	15
DB01099	2	1	2	1	8	8	36	76	76	1444	76
DB01087	2	2	2	0	0	0	0	12	12	13	12
DB01082	2	0	0	0	0	0	0	2	2	82	2
DB01081	2	0	0	2	1	2	2	62	113	1945	67
DB01080	2	0	0	1	1	1	1	16	16	163	21
DB01077	2	0	0	2	24	24	42	111	111	2739	116
DB01075	2	1	1	0	0	0	0	9	12	175	9
DB01067	2	0	0	2	15	15	44	156	157	2924	170
DB01066	2	0	0	0	0	0	0	0	0	0	0
DB01051	2	0	0	0	0	0	0	0	0	0	0
DB01048	2	0	0	0	0	0	0	0	0	0	0
DB01047	2	2	6	2	18	19	49	141	142	3064	141
DB01037	2	0	0	2	12	24	52	20	39	677	24
DB01031	2	2	2	1	1	1	5	8	13	67	8
DB01030	2	2	12	2	5	9	29	27	41	624	27
DB01029	2	1	3	2	49	51	163	323	327	6747	328
DB01024	2	2	2	2	3	3	5	87	114	2340	87
DB01022	2	1	1	1	1	1	1	8	8	52	9
DB01018	2	1	1	2	2	3	3	58	111	2066	58
DB01011	2	0	0	0	0	0	0	0	0	0	1
DB01010	2	0	0	0	0	0	0	0	0	0	7
DB01007	2	0	0	0	0	0	0	3	3	20	3
DB01004	2	0	0	0	0	0	0	0	0	0	0
DB01003	2	0	0	0	0	0	0	1	1	1	2
DB00998	2	0	0	2	2	4	4	57	109	1932	59
DB00997	2	2	17	1	2	2	6	108	108	1379	108
DB00995	2	1	1	1	28	28	75	308	308	4054	312
DB00994	2	1	1	1	14	14	19	107	107	309	107
DB00993	2	1	1	1	68	68	194	448	448	10006	574
DB00991	2	0	0	2	13	13	40	28	29	976	30
DB00989	2	0	0	0	0	0	0	0	0	0	7
DB00980	2	2	2	2	2	2	2	9	15	382	9
DB00970	2	2	21	2	3	4	23	103	190	2619	103
DB00968	2	1	1	1	2	2	2	56	56	1064	60
DB00966	2	0	0	2	17	17	65	164	166	3487	180
DB00963	2	0	0	2	13	13	40	28	29	976	30
DB00962	2	0	0	1	2	2	2	8	8	39	22
DB00956	2	0	0	2	1	2	2	62	113	1945	67
DB00944	2	0	0	0	0	0	0	0	0	0	7
DB00940	2	0	0	0	0	0	0	40	42	901	41
DB00937	2	1	1	0	0	0	0	11	15	106	12
DB00933	2	0	0	2	5	6	6	76	117	2203	87
DB00920	2	1	1	0	0	0	0	5	5	51	5
DB00918	2	0	0	2	2	4	4	57	109	1932	59
DB00914	2	0	0	1	58	58	194	245	245	7345	247
DB00912	2	0	0	2	15	15	44	156	157	2924	170
DB00900	2	1	1	0	0	0	0	1	1	2	1
DB00895	2	0	0	2	6	7	17	14	15	456	16
DB00890	2	2	22	1	44	44	116	182	182	3640	182
DB00886	2	0	0	1	1	1	1	9	10	260	10
DB00882	2	2	22	1	44	44	116	182	182	3640	182
DB00872	2	0	0	2	2	2	19	67	106	2329	68
DB00870	2	0	0	2	13	13	40	28	29	976	30
DB00861	2	0	0	2	13	13	40	28	29	976	30
DB00851	2	0	0	1	2	2	5	38	38	451	38
DB00847	2	0	0	2	4	4	4	56	56	960	57
DB00845	2	0	0	1	4	4	5	100	100	1858	101
DB00843	2	0	0	1	2	2	2	54	54	1007	66
DB00839	2	0	0	1	2	2	4	70	71	1355	73
DB00837	2	0	0	1	1	1	1	17	17	181	32
DB00833	2	0	0	0	0	0	0	0	0	0	0
DB00830	2	1	1	0	0	0	0	11	15	106	12
DB00823	2	2	22	2	53	63	170	210	232	5191	210
DB00822	2	0	0	1	1	1	1	27	27	113	28
DB00821	2	0	0	2	13	13	40	28	29	976	30
DB00820	2	1	1	2	1	2	2	9	16	241	9
DB00817	2	0	0	0	0	0	0	0	0	0	0
DB00814	2	0	0	2	13	13	40	28	29	976	30
DB00810	2	0	0	0	0	0	0	4	4	96	13
DB00808	2	0	0	2	4	4	4	31	31	166	32
DB00804	2	0	0	0	0	0	0	10	10	219	10
DB00790	2	0	0	0	0	0	0	35	35	403	35
DB00784	2	0	0	2	13	13	40	28	29	976	30
DB00778	2	1	4	1	6	6	18	107	107	2132	107
DB00775	2	1	1	2	24	30	97	180	198	3727	181
DB00773	2	2	21	2	3	4	23	103	190	2619	103
DB00764	2	2	9	2	28	33	91	108	124	3235	108
DB00762	2	2	12	2	5	9	29	27	41	624	27
DB00754	2	1	12	2	13	13	37	103	103	941	104
DB00752	2	0	0	2	12	24	52	20	39	677	24
DB00745	2	1	1	1	2	2	2	62	62	1035	63
DB00740	2	0	0	1	4	4	4	71	71	290	73
DB00737	2	1	1	1	3	3	4	20	20	379	22
DB00733	2	0	0	0	0	0	0	0	0	0	7
DB00731	2	0	0	2	15	15	44	156	157	2924	170
DB00724	2	0	0	2	2	4	10	112	220	2773	114
DB00712	2	0	0	2	13	13	40	28	29	976	30
DB00711	2	1	1	1	1	1	17	7	7	86	8
DB00709	2	0	0	0	0	0	0	0	0	0	0
DB00707	2	2	11	1	7	7	17	16	16	340	16
DB00695	2	1	1	1	1	1	5	10	10	46	10
DB00694	2	2	21	2	3	4	23	103	190	2619	103
DB00691	2	0	0	0	0	0	0	5	6	247	5
DB00688	2	2	2	2	3	3	5	87	114	2340	87
DB00682	2	1	12	1	9	9	33	34	34	665	34
DB00666	2	1	6	2	1	2	2	49	93	1814	50
DB00644	2	1	6	2	1	2	2	49	93	1814	50
DB00643	2	2	7	2	32	54	176	195	320	8897	195
DB00635	2	2	5	2	14	15	40	84	85	1809	84
DB00632	2	0	0	0	0	0	0	0	0	0	0
DB00631	2	2	11	2	17	17	30	205	205	2843	205
DB00629	2	1	1	2	2	3	3	58	111	2066	58
DB00626	2	1	1	1	1	1	3	14	14	225	17
DB00618	2	0	0	0	0	0	0	0	0	0	0
DB00612	2	0	0	2	8	8	34	87	133	2598	93
DB00609	2	0	0	0	0	0	0	0	0	0	0
DB00603	2	2	22	2	53	63	170	210	232	5191	210
DB00602	2	0	0	0	0	0	0	1	1	1	13
DB00595	2	0	0	0	0	0	0	0	0	0	0
DB00577	2	0	0	0	0	0	0	0	0	0	0
DB00569	2	1	1	2	4	4	4	63	63	202	76
DB00561	2	0	0	0	0	0	0	7	14	550	7
DB00559	2	0	0	2	7	9	66	65	115	2573	69
DB00554	2	0	0	2	13	13	40	28	29	976	30
DB00551	2	1	2	0	0	0	0	0	0	0	0
DB00541	2	2	13	2	33	47	142	190	303	8504	190
DB00539	2	2	22	1	44	44	116	182	182	3640	182
DB00534	2	0	0	0	0	0	0	11	11	29	11
DB00533	2	0	0	2	13	13	25	29	29	924	39
DB00532	2	1	12	2	13	13	37	103	103	941	104
DB00530	2	2	30	2	70	73	252	344	347	8021	344
DB00529	2	0	0	0	0	0	0	0	0	0	0
DB00521	2	0	0	2	8	8	34	87	133	2598	93
DB00503	2	1	12	1	9	9	33	33	33	652	33
DB00500	2	0	0	2	13	13	40	28	29	976	30
DB00495	2	1	1	1	8	8	27	39	39	1000	39
DB00490	2	1	1	2	4	5	5	69	120	2176	75
DB00486	2	2	2	2	2	3	3	60	111	2042	60
DB00473	2	0	0	2	4	8	8	74	133	498	76
DB00471	2	1	1	0	0	0	0	4	4	10	6
DB00470	2	2	2	2	2	3	3	60	111	2042	60
DB00469	2	0	0	2	13	13	40	28	29	976	30
DB00468	2	0	0	1	16	16	37	128	128	2288	131
DB00465	2	0	0	2	13	13	40	28	29	976	30
DB00464	2	0	0	1	2	2	2	81	84	334	85
DB00461	2	0	0	2	13	13	40	28	29	976	30
DB00455	2	2	2	1	1	1	4	25	25	198	25
DB00453	2	0	0	0	0	0	0	0	0	0	0
DB00452	2	1	1	1	15	15	47	111	111	2370	111
DB00451	2	2	2	2	16	28	72	50	77	2036	50
DB00450	2	1	1	2	6	7	7	72	110	2084	78
DB00448	2	1	2	2	15	15	41	60	60	925	66
DB00447	2	0	0	0	0	0	0	0	0	0	0
DB00445	2	2	17	2	20	21	63	296	314	5277	296
DB00440	2	2	13	0	0	0	0	5	5	36	5
DB00426	2	0	0	0	0	0	0	0	0	0	0
DB00407	2	1	1	2	1	2	2	17	34	172	17
DB00399	2	2	2	2	2	2	2	3	3	4	3
DB00380	2	2	21	2	3	4	23	103	190	2619	103
DB00379	2	1	1	2	6	6	24	92	92	735	93
DB00365	2	0	0	0	0	0	0	0	0	0	0
DB00358	2	0	0	0	0	0	0	44	44	875	55
DB00357	2	2	7	2	4	4	20	13	13	158	13
DB00355	2	0	0	0	0	0	0	0	0	0	0
DB00354	2	1	1	0	0	0	0	8	8	146	8
DB00353	2	0	0	1	2	2	8	52	86	1733	56
DB00351	2	2	9	2	28	33	91	108	124	3235	108
DB00344	2	1	1	0	0	0	0	7	11	23	8
DB00338	2	1	1	2	5	5	27	48	48	492	54
DB00337	2	1	4	2	36	39	105	529	538	13980	549
DB00335	2	0	0	2	8	8	34	87	133	2598	93
DB00304	2	2	22	2	53	63	170	210	232	5191	210
DB00299	2	0	0	0	0	0	0	0	0	0	0
DB00297	2	0	0	2	5	5	5	114	114	1136	117
DB00294	2	2	22	2	53	63	170	210	232	5191	210
DB00293	2	1	9	1	6	6	11	11	11	328	12
DB00290	2	2	2	2	8	13	30	50	77	1934	50
DB00288	2	1	4	2	17	17	58	81	81	1941	86
DB00267	2	0	0	0	0	0	0	0	0	0	0
DB00264	2	0	0	2	8	8	34	87	133	2598	93
DB00260	2	0	0	0	0	0	0	0	0	0	0
DB00256	2	0	0	0	0	0	0	0	0	0	0
DB00250	2	0	0	0	0	0	0	0	0	0	0
DB00243	2	0	0	2	4	8	8	71	131	481	72
DB00221	2	0	0	2	8	8	34	87	133	2598	93
DB00195	2	0	0	2	8	8	34	87	133	2598	93
DB00188	2	0	0	2	10	15	32	170	258	3886	194
DB00185	2	0	0	0	0	0	0	5	5	123	5
DB00181	2	0	0	2	2	3	3	14	22	230	17
DB00179	2	2	6	0	0	0	0	4	4	10	4
DB00178	2	0	0	1	1	1	1	60	61	1176	61
DB00176	2	1	1	1	1	1	4	27	27	164	28
DB00154	2	0	0	2	13	13	40	28	29	976	30
DB00152	2	0	0	0	0	0	0	0	0	0	0
DB00107	2	0	0	1	1	1	1	49	49	916	51
DB00105	2	2	7	2	3	3	8	21	30	703	21
DB00099	2	2	5	2	2	2	2	21	22	265	21
DB00097	2	1	2	1	1	1	1	13	14	486	14
DB00086	2	0	0	1	8	8	19	108	109	495	121
DB00083	2	0	0	2	70	70	232	442	446	9572	610
DB00069	2	2	7	2	3	3	8	21	30	703	21
DB00068	2	2	7	2	3	3	8	21	30	703	21
DB00060	2	2	7	2	3	3	8	21	30	703	21
DB00052	2	1	1	2	4	6	8	27	37	1190	28
DB00050	2	2	8	2	2	2	2	53	56	1040	53
DB00047	2	1	2	2	49	77	168	388	668	24757	393
DB00046	2	1	2	2	49	77	168	388	668	24757	393
DB00043	2	0	0	2	4	5	7	13	14	460	13
DB00034	2	2	7	2	3	3	8	21	30	703	21
DB00033	2	0	0	2	1	2	2	14	18	566	17
DB00032	2	1	2	1	1	1	1	13	14	486	14
DB00022	2	2	7	2	3	3	8	21	30	703	21
DB00019	2	2	5	2	2	2	2	21	22	265	21
DB00018	2	2	7	2	3	3	8	21	30	703	21
DB00014	2	2	8	2	2	2	2	53	56	1040	53
DB00011	2	2	7	2	3	3	8	21	30	703	21
DB00008	2	2	7	2	3	3	8	21	30	703	21
DB13881	1	1	2	1	8	8	19	18	18	571	18
DB13879	1	0	0	0	0	0	0	0	0	0	0
DB13874	1	1	1	1	1	1	1	19	19	164	19
DB13873	1	1	1	1	21	21	58	65	65	1390	65
DB13173	1	0	0	1	2	2	2	20	20	200	32
DB13170	1	0	0	1	8	8	14	87	87	2117	90
DB13167	1	0	0	1	12	12	23	26	26	900	28
DB13164	1	1	18	1	64	64	219	314	314	7369	314
DB13161	1	0	0	0	0	0	0	0	0	0	0
DB13158	1	1	4	1	14	14	37	74	74	1684	74
DB13155	1	1	15	1	34	34	92	234	234	3877	234
DB13154	1	0	0	1	4	4	4	28	28	141	28
DB13144	1	1	3	1	1	1	1	8	8	140	8
DB13140	1	0	0	0	0	0	0	0	0	0	0
DB13139	1	0	0	1	7	7	33	82	82	1710	86
DB13092	1	0	0	0	0	0	0	0	0	0	0
DB12865	1	1	1	1	14	14	19	107	107	309	107
DB12442	1	1	3	1	104	104	326	773	773	13861	773
DB12323	1	1	8	1	62	62	182	430	430	15641	430
DB12159	1	0	0	1	4	4	5	18	18	483	19
DB12026	1	0	0	0	0	0	0	0	0	0	0
DB11988	1	1	5	0	0	0	0	0	0	0	0
DB11945	1	1	3	1	2	2	5	3	3	65	3
DB11915	1	0	0	0	0	0	0	0	0	0	0
DB11834	1	0	0	1	1	1	5	3	3	20	4
DB11828	1	1	18	1	64	64	219	314	314	7369	314
DB11737	1	1	18	1	64	64	219	314	314	7369	314
DB11699	1	0	0	0	0	0	0	0	0	0	0
DB11611	1	0	0	1	4	4	9	34	34	872	37
DB11604	1	0	0	0	0	0	0	0	0	0	0
DB11601	1	0	0	1	9	9	18	140	140	2062	143
DB11598	1	1	1	1	1	1	1	17	17	86	17
DB11597	1	0	0	0	0	0	0	0	0	0	0
DB11595	1	1	3	1	2	2	5	3	3	65	3
DB11591	1	1	1	0	0	0	0	5	5	51	5
DB11586	1	0	0	0	0	0	0	0	0	0	0
DB11581	1	1	6	1	21	21	51	109	109	2232	109
DB11577	1	1	1	1	2	2	20	22	22	446	22
DB11575	1	0	0	0	0	0	0	0	0	0	0
DB11569	1	0	0	1	3	3	8	12	12	249	14
DB11367	1	0	0	0	0	0	0	0	0	0	0
DB11365	1	0	0	0	0	0	0	0	0	0	0
DB11363	1	1	3	1	9	9	36	35	35	1289	35
DB11362	1	0	0	1	1	1	1	37	37	817	37
DB11359	1	1	1	1	2	2	2	16	16	73	16
DB11120	1	1	1	1	89	89	286	746	746	18650	746
DB09564	1	0	0	1	36	36	51	320	320	11882	325
DB09559	1	1	18	1	64	64	219	314	314	7369	314
DB09555	1	1	1	0	0	0	0	5	5	51	5
DB09552	1	0	0	1	1	1	1	28	28	188	30
DB09536	1	0	0	0	0	0	0	0	0	0	1
DB09526	1	0	0	0	0	0	0	0	0	0	0
DB09513	1	0	0	0	0	0	0	0	0	0	0
DB09510	1	0	0	0	0	0	0	0	0	0	0
DB09488	1	1	1	0	0	0	0	5	5	51	5
DB09422	1	1	1	1	21	21	58	65	65	1390	65
DB09357	1	0	0	0	0	0	0	2	2	28	2
DB09351	1	0	0	1	1	1	1	51	51	888	54
DB09331	1	0	0	1	1	1	2	1	1	46	1
DB09330	1	1	18	1	64	64	219	314	314	7369	314
DB09324	1	0	0	0	0	0	0	0	0	0	0
DB09318	1	1	17	1	44	44	116	182	182	3640	182
DB09317	1	1	17	1	44	44	116	182	182	3640	182
DB09302	1	0	0	1	2	2	6	11	11	147	35
DB09299	1	0	0	0	0	0	0	0	0	0	0
DB09297	1	0	0	0	0	0	0	0	0	0	0
DB09296	1	0	0	0	0	0	0	0	0	0	0
DB09292	1	0	0	1	1	1	1	6	6	72	7
DB09290	1	0	0	0	0	0	0	0	0	0	0
DB09289	1	0	0	0	0	0	0	7	7	17	8
DB09280	1	0	0	1	5	5	5	146	146	2137	168
DB09279	1	0	0	1	4	4	25	76	76	1899	81
DB09275	1	0	0	0	0	0	0	0	0	0	0
DB09274	1	0	0	0	0	0	0	0	0	0	0
DB09265	1	0	0	0	0	0	0	1	1	27	3
DB09220	1	0	0	1	1	1	1	62	62	1217	64
DB09217	1	0	0	1	12	12	23	26	26	900	28
DB09198	1	0	0	1	13	13	40	90	90	1588	101
DB09185	1	1	1	0	0	0	0	4	4	6	4
DB09183	1	0	0	0	0	0	0	0	0	0	0
DB09151	1	0	0	1	5	5	14	64	64	907	80
DB09149	1	0	0	1	5	5	14	64	64	907	80
DB09148	1	0	0	1	5	5	14	64	64	907	80
DB09146	1	0	0	0	0	0	0	3	3	16	12
DB09143	1	1	2	1	5	5	12	68	68	1380	68
DB09129	1	0	0	1	36	36	51	320	320	11882	325
DB09126	1	1	2	1	1	1	1	7	7	108	7
DB09120	1	0	0	1	3	3	3	6	6	150	7
DB09119	1	0	0	0	0	0	0	0	0	0	3
DB09107	1	1	1	1	5	5	23	25	25	1042	25
DB09105	1	0	0	1	12	12	45	17	17	694	18
DB09101	1	0	0	0	0	0	0	0	0	0	0
DB09090	1	0	0	1	4	4	4	65	65	428	68
DB09082	1	0	0	1	7	7	33	82	82	1710	86
DB09080	1	0	0	1	7	7	33	82	82	1710	86
DB09075	1	0	0	1	3	3	3	46	46	116	59
DB09069	1	0	0	0	0	0	0	14	14	16	16
DB09067	1	0	0	0	0	0	0	3	3	44	7
DB09063	1	1	3	1	9	9	36	35	35	1289	35
DB09057	1	0	0	0	0	0	0	0	0	0	0
DB09053	1	1	3	1	35	35	62	263	263	12615	263
DB09049	1	0	0	1	1	1	1	60	60	991	65
DB09048	1	0	0	0	0	0	0	5	5	354	7
DB09046	1	0	0	1	7	7	49	24	24	822	28
DB09045	1	0	0	0	0	0	0	1	1	27	3
DB09043	1	0	0	0	0	0	0	1	1	27	3
DB09041	1	0	0	0	0	0	0	0	0	0	0
DB09040	1	0	0	0	0	0	0	0	0	0	0
DB09039	1	0	0	1	2	2	4	5	5	214	5
DB09038	1	0	0	0	0	0	0	0	0	0	0
DB09037	1	1	3	1	1	1	3	6	6	117	6
DB09036	1	0	0	1	2	2	4	12	12	247	14
DB09035	1	1	3	1	1	1	3	6	6	117	6
DB09031	1	1	4	1	6	6	18	107	107	2132	107
DB09030	1	0	0	0	0	0	0	13	13	146	19
DB09029	1	0	0	1	3	3	8	12	12	249	14
DB09027	1	0	0	0	0	0	0	0	0	0	0
DB09026	1	0	0	0	0	0	0	14	14	187	19
DB09018	1	0	0	1	4	4	4	63	63	1196	69
DB08935	1	1	5	0	0	0	0	0	0	0	0
DB08934	1	0	0	0	0	0	0	0	0	0	0
DB08933	1	0	0	0	0	0	0	0	0	0	0
DB08931	1	0	0	1	8	8	14	87	87	2117	90
DB08930	1	0	0	0	0	0	0	0	0	0	0
DB08906	1	1	4	1	14	14	37	74	74	1684	74
DB08904	1	0	0	1	11	11	36	72	72	1542	83
DB08903	1	0	0	0	0	0	0	0	0	0	0
DB08902	1	0	0	0	0	0	0	0	0	0	0
DB08900	1	0	0	0	0	0	0	0	0	0	2
DB08899	1	1	15	1	34	34	92	234	234	3877	234
DB08894	1	1	1	1	5	5	23	25	25	1042	25
DB08893	1	0	0	1	2	2	11	51	51	1013	53
DB08890	1	0	0	1	9	9	18	92	92	2230	96
DB08883	1	0	0	1	4	4	9	35	35	329	44
DB08882	1	0	0	1	1	1	1	8	8	79	12
DB08881	1	1	3	1	28	28	52	169	169	7379	169
DB08880	1	0	0	1	1	1	1	14	14	21	15
DB08879	1	0	0	0	0	0	0	1	1	32	6
DB08874	1	0	0	0	0	0	0	0	0	0	0
DB08873	1	0	0	0	0	0	0	0	0	0	0
DB08870	1	1	1	0	0	0	0	5	5	20	5
DB08869	1	0	0	0	0	0	0	0	0	0	1
DB08860	1	0	0	1	2	2	2	9	9	144	21
DB08844	1	1	1	1	1	1	1	4	4	8	4
DB08836	1	0	0	0	0	0	0	4	4	188	4
DB08835	1	1	1	0	0	0	0	17	17	748	17
DB08828	1	1	2	1	5	5	12	68	68	1380	68
DB08827	1	0	0	0	0	0	0	2	2	17	2
DB08822	1	0	0	1	4	4	25	76	76	1899	81
DB08820	1	0	0	1	5	5	5	146	146	2137	168
DB08819	1	0	0	1	1	1	1	47	47	893	47
DB08816	1	0	0	0	0	0	0	1	1	39	1
DB08806	1	0	0	0	0	0	0	39	39	806	40
DB08805	1	0	0	0	0	0	0	39	39	806	40
DB08804	1	1	15	1	34	34	92	234	234	3877	234
DB08802	1	1	1	0	0	0	0	5	5	51	5
DB08800	1	1	1	0	0	0	0	5	5	51	5
DB08799	1	1	1	0	0	0	0	5	5	51	5
DB08798	1	0	0	0	0	0	0	0	0	0	0
DB08502	1	0	0	0	0	0	0	0	0	0	0
DB07615	1	1	1	1	6	6	54	12	12	436	12
DB06825	1	1	6	1	1	1	1	49	49	932	49
DB06817	1	0	0	0	0	0	0	0	0	0	0
DB06809	1	1	1	1	15	15	47	111	111	2370	111
DB06795	1	1	1	0	0	0	0	0	0	0	0
DB06789	1	1	5	1	19	19	54	50	50	1551	50
DB06788	1	1	6	1	1	1	1	49	49	932	49
DB06786	1	1	2	1	5	5	12	68	68	1380	68
DB06785	1	1	6	1	1	1	1	49	49	932	49
DB06782	1	0	0	1	5	5	14	64	64	907	80
DB06781	1	1	4	1	14	14	37	74	74	1684	74
DB06775	1	0	0	1	1	1	1	64	64	600	65
DB06766	1	1	1	0	0	0	0	5	5	51	5
DB06764	1	1	1	1	3	3	3	47	47	888	47
DB06756	1	1	6	1	21	21	51	109	109	2232	109
DB06729	1	0	0	0	0	0	0	0	0	0	0
DB06720	1	0	0	0	0	0	0	4	4	110	5
DB06709	1	0	0	0	0	0	0	2	2	28	2
DB06699	1	1	6	1	1	1	1	49	49	932	49
DB06696	1	0	0	0	0	0	0	0	0	0	0
DB06695	1	0	0	1	10	10	35	94	94	808	101
DB06693	1	0	0	1	2	2	2	9	9	144	21
DB06691	1	1	1	0	0	0	0	5	5	51	5
DB06689	1	0	0	1	2	2	2	63	63	238	70
DB06688	1	1	1	0	0	0	0	0	0	0	0
DB06684	1	1	1	1	1	1	1	57	57	980	57
DB06674	1	0	0	1	11	11	36	72	72	1542	83
DB06670	1	0	0	1	1	1	1	5	5	262	5
DB06655	1	0	0	0	0	0	0	1	1	27	3
DB06654	1	0	0	1	12	12	26	19	19	324	22
DB06650	1	1	5	0	0	0	0	0	0	0	0
DB06643	1	1	1	1	6	6	10	11	11	265	11
DB06623	1	1	1	1	2	2	2	56	56	1064	56
DB06612	1	0	0	1	1	1	1	3	3	17	4
DB06605	1	0	0	1	3	3	3	46	46	116	59
DB06581	1	0	0	0	0	0	0	0	0	0	0
DB06543	1	1	1	1	36	36	89	196	196	4603	196
DB06480	1	0	0	0	0	0	0	0	0	0	0
DB06471	1	0	0	1	1	1	1	52	52	1028	53
DB06470	1	0	0	0	0	0	0	5	5	22	19
DB06444	1	0	0	1	11	11	36	72	72	1542	83
DB06441	1	0	0	0	0	0	0	1	1	39	1
DB06439	1	0	0	0	0	0	0	3	3	14	5
DB06436	1	1	17	1	45	45	138	371	371	14255	371
DB06413	1	0	0	0	0	0	0	11	11	100	12
DB06410	1	1	1	1	10	10	17	55	55	1035	55
DB06366	1	1	7	1	37	37	173	172	172	5090	172
DB06335	1	0	0	1	1	1	1	8	8	79	12
DB06317	1	0	0	0	0	0	0	2	2	40	2
DB06292	1	0	0	0	0	0	0	0	0	0	0
DB06290	1	0	0	0	0	0	0	0	0	0	0
DB06287	1	1	4	1	34	34	94	496	496	13339	496
DB06285	1	0	0	0	0	0	0	4	4	63	7
DB06282	1	1	1	0	0	0	0	5	5	51	5
DB06273	1	0	0	1	2	2	7	7	7	228	10
DB06267	1	1	1	1	1	1	1	9	9	125	9
DB06263	1	1	16	1	2	2	6	95	95	1310	95
DB06243	1	0	0	0	0	0	0	3	3	142	7
DB06237	1	1	1	1	1	1	1	9	9	125	9
DB06228	1	0	0	1	3	3	3	46	46	116	59
DB06213	1	0	0	0	0	0	0	41	41	859	43
DB06210	1	0	0	1	2	2	3	6	6	323	8
DB06209	1	0	0	0	0	0	0	1	1	39	1
DB06205	1	0	0	1	10	10	39	79	79	1099	98
DB06203	1	0	0	1	1	1	1	8	8	79	12
DB06190	1	0	0	1	2	2	11	51	51	1013	53
DB06186	1	1	1	1	7	7	14	19	19	613	19
DB06168	1	1	1	1	5	5	18	20	20	571	20
DB06147	1	0	0	0	0	0	0	0	0	0	0
DB06145	1	0	0	0	0	0	0	0	0	0	0
DB06127	1	0	0	1	1	1	1	8	8	79	12
DB06097	1	1	1	1	6	6	11	134	134	2615	134
DB06094	1	1	1	1	8	8	46	38	38	1081	38
DB06090	1	0	0	0	0	0	0	0	0	0	0
DB06073	1	0	0	1	3	3	3	21	21	258	34
DB06069	1	1	10	1	5	5	15	27	27	412	27
DB06064	1	1	1	1	38	38	59	337	337	11932	337
DB06061	1	1	1	1	21	21	39	219	219	8573	219
DB06058	1	0	0	0	0	0	0	0	0	0	0
DB06043	1	1	8	1	36	36	93	322	322	13529	322
DB06039	1	0	0	0	0	0	0	0	0	0	0
DB05990	1	1	1	1	7	7	29	25	25	615	25
DB05930	1	0	0	1	2	2	3	6	6	323	8
DB05920	1	1	16	1	2	2	6	95	95	1310	95
DB05916	1	1	3	1	1	1	3	6	6	117	6
DB05915	1	0	0	1	1	1	4	18	18	262	31
DB05905	1	0	0	0	0	0	0	0	0	0	0
DB05897	1	1	2	1	41	41	117	348	348	12875	348
DB05895	1	1	1	0	0	0	0	16	16	147	16
DB05892	1	0	0	1	4	4	5	10	10	43	15
DB05890	1	1	5	1	28	28	121	60	60	1694	60
DB05889	1	1	1	1	3	3	6	7	7	263	7
DB05888	1	0	0	0	0	0	0	0	0	0	0
DB05883	1	0	0	0	0	0	0	0	0	0	2
DB05879	1	0	0	1	11	11	36	72	72	1542	83
DB05876	1	0	0	1	5	5	8	20	20	639	20
DB05871	1	0	0	0	0	0	0	0	0	0	0
DB05868	1	0	0	0	0	0	0	0	0	0	0
DB05867	1	1	1	0	0	0	0	0	0	0	0
DB05864	1	1	1	0	0	0	0	34	34	64	34
DB05854	1	0	0	1	13	13	40	90	90	1588	101
DB05849	1	0	0	1	7	7	33	82	82	1710	86
DB05848	1	0	0	1	4	4	10	11	11	185	13
DB05846	1	0	0	1	5	5	14	64	64	907	80
DB05838	1	0	0	1	1	1	18	59	59	1429	60
DB05831	1	1	2	0	0	0	0	1	1	1	1
DB05824	1	0	0	1	8	8	13	117	117	1458	121
DB05814	1	0	0	1	5	5	11	42	42	641	62
DB05812	1	1	1	0	0	0	0	4	4	43	4
DB05806	1	1	10	1	5	5	15	27	27	412	27
DB05801	1	1	5	1	2	2	8	42	42	478	42
DB05797	1	0	0	1	1	1	1	4	4	64	4
DB05796	1	0	0	1	1	1	1	6	6	72	7
DB05793	1	0	0	0	0	0	0	22	22	619	22
DB05792	1	1	1	0	0	0	0	0	0	0	0
DB05790	1	0	0	0	0	0	0	5	5	354	7
DB05787	1	1	1	1	17	17	72	141	141	1967	141
DB05786	1	1	1	0	0	0	0	3	3	5	3
DB05773	1	1	7	1	37	37	173	172	172	5090	172
DB05771	1	0	0	1	6	6	12	31	31	566	34
DB05758	1	0	0	1	11	11	36	72	72	1542	83
DB05750	1	1	1	1	2	2	2	60	60	1090	60
DB05749	1	1	6	1	2	2	2	7	7	57	7
DB05736	1	0	0	1	1	1	1	5	5	262	5
DB05713	1	0	0	1	3	3	3	46	46	116	59
DB05712	1	0	0	0	0	0	0	1	1	10	1
DB05708	1	0	0	0	0	0	0	1	1	1	10
DB05685	1	0	0	1	4	4	45	25	25	590	26
DB05675	1	0	0	1	5	5	5	30	30	662	33
DB05662	1	1	17	1	44	44	116	182	182	3640	182
DB05630	1	1	10	1	5	5	15	27	27	412	27
DB05595	1	1	2	0	0	0	0	0	0	0	0
DB05578	1	1	17	1	45	45	138	371	371	14255	371
DB05511	1	1	1	1	1	1	2	16	16	502	16
DB05510	1	0	0	0	0	0	0	0	0	0	7
DB05506	1	0	0	1	46	46	176	139	139	4365	141
DB05505	1	0	0	0	0	0	0	0	0	0	0
DB05495	1	1	2	1	5	5	7	27	27	436	27
DB05494	1	1	2	0	0	0	0	1	1	5	1
DB05490	1	0	0	1	13	13	40	90	90	1588	101
DB05489	1	1	1	0	0	0	0	0	0	0	0
DB05484	1	1	1	1	2	2	5	17	17	227	17
DB05482	1	1	10	1	5	5	15	27	27	412	27
DB05481	1	0	0	1	2	2	3	25	25	122	30
DB05479	1	0	0	1	17	17	44	148	148	4432	151
DB05478	1	0	0	1	1	1	12	5	5	21	6
DB05476	1	1	1	1	6	6	9	27	27	495	27
DB05468	1	1	1	1	4	4	6	14	14	249	14
DB05467	1	1	2	1	8	8	16	40	40	728	40
DB05466	1	0	0	0	0	0	0	5	5	354	7
DB05463	1	1	1	1	5	5	25	118	118	1605	118
DB05460	1	1	1	1	1	1	3	5	5	103	5
DB05457	1	1	9	0	0	0	0	0	0	0	0
DB05455	1	0	0	1	1	1	1	47	47	900	48
DB05449	1	1	4	1	6	6	18	107	107	2132	107
DB05448	1	1	3	1	3	3	5	48	48	671	48
DB05447	1	0	0	1	6	6	33	35	35	641	45
DB05446	1	0	0	1	4	4	4	12	12	70	13
DB05443	1	0	0	1	1	1	1	54	54	961	55
DB05442	1	1	1	1	5	5	18	20	20	571	20
DB05432	1	0	0	0	0	0	0	0	0	0	2
DB05431	1	1	1	0	0	0	0	4	4	10	4
DB05429	1	0	0	1	2	2	2	13	13	43	15
DB05424	1	1	18	1	64	64	219	314	314	7369	314
DB05423	1	1	4	1	14	14	37	74	74	1684	74
DB05422	1	0	0	0	0	0	0	7	7	17	8
DB05421	1	0	0	0	0	0	0	5	5	354	7
DB05420	1	1	7	1	3	3	7	39	39	439	39
DB05419	1	0	0	0	0	0	0	0	0	0	2
DB05418	1	0	0	0	0	0	0	5	5	354	7
DB05417	1	0	0	0	0	0	0	0	0	0	11
DB05415	1	1	1	1	1	1	1	9	9	125	9
DB05414	1	1	1	0	0	0	0	0	0	0	0
DB05413	1	0	0	1	1	1	1	21	21	103	21
DB05407	1	0	0	0	0	0	0	3	3	10	4
DB05404	1	0	0	1	58	58	190	437	437	7548	529
DB05403	1	0	0	1	65	65	198	593	593	16447	594
DB05399	1	0	0	1	5	5	5	19	19	276	20
DB05395	1	0	0	1	2	2	11	51	51	1013	53
DB05391	1	0	0	1	16	16	37	129	129	2288	133
DB05390	1	1	1	1	1	1	4	1	1	99	1
DB05382	1	0	0	0	0	0	0	3	3	3	40
DB05374	1	1	18	1	64	64	219	314	314	7369	314
DB05372	1	1	1	1	2	2	2	60	60	1090	60
DB05369	1	0	0	0	0	0	0	39	39	806	40
DB05367	1	0	0	1	7	7	48	62	62	1509	66
DB05364	1	0	0	1	1	1	1	9	9	32	10
DB05362	1	0	0	1	3	3	3	46	46	116	59
DB05345	1	1	1	0	0	0	0	5	5	51	5
DB05343	1	0	0	1	1	1	2	11	11	219	13
DB05341	1	0	0	1	3	3	7	23	23	105	26
DB05339	1	1	1	1	1	1	1	57	57	980	57
DB05337	1	1	1	1	2	2	3	2	2	42	2
DB05332	1	0	0	1	2	2	3	6	6	323	8
DB05328	1	0	0	0	0	0	0	0	0	0	0
DB05327	1	0	0	1	3	3	3	12	12	23	23
DB05321	1	0	0	0	0	0	0	0	0	0	0
DB05319	1	1	2	0	0	0	0	1	1	1	1
DB05311	1	0	0	1	2	2	16	18	18	65	19
DB05309	1	0	0	1	15	15	93	22	22	857	22
DB05308	1	1	9	0	0	0	0	0	0	0	0
DB05307	1	0	0	0	0	0	0	0	0	0	4
DB05305	1	1	1	0	0	0	0	5	5	12	5
DB05299	1	1	2	1	5	5	14	21	21	353	21
DB05298	1	0	0	1	3	3	3	23	23	555	24
DB05297	1	1	6	1	21	21	51	109	109	2232	109
DB05295	1	1	1	1	10	10	17	55	55	1035	55
DB05290	1	0	0	1	7	7	48	62	62	1509	66
DB05289	1	1	2	1	13	13	29	87	87	1718	87
DB05282	1	1	1	1	1	1	1	13	13	76	13
DB05276	1	0	0	0	0	0	0	0	0	0	0
DB05268	1	1	4	1	34	34	66	210	210	7978	210
DB05264	1	1	1	1	9	9	13	25	25	969	25
DB05262	1	1	1	1	1	1	1	1	1	1	1
DB05259	1	0	0	0	0	0	0	0	0	0	0
DB05258	1	1	4	1	2	2	4	18	18	508	18
DB05253	1	1	5	1	19	19	54	50	50	1551	50
DB05252	1	0	0	1	9	9	23	113	113	835	120
DB05249	1	1	3	1	1	1	1	8	8	140	8
DB05246	1	0	0	1	2	2	2	57	57	166	61
DB05243	1	1	1	1	65	65	171	396	396	14989	396
DB05239	1	1	1	1	63	63	194	355	355	12652	355
DB05234	1	1	15	1	34	34	92	234	234	3877	234
DB05233	1	1	17	1	44	44	116	182	182	3640	182
DB05229	1	0	0	1	1	1	1	37	37	817	37
DB05228	1	0	0	0	0	0	0	0	0	0	0
DB05227	1	0	0	1	2	2	2	54	54	1007	59
DB05226	1	0	0	0	0	0	0	0	0	0	0
DB05225	1	0	0	1	1	1	1	1	1	1	2
DB05224	1	0	0	0	0	0	0	0	0	0	0
DB05222	1	0	0	0	0	0	0	0	0	0	0
DB05220	1	1	3	1	16	16	28	210	210	3925	210
DB05218	1	0	0	1	11	11	36	72	72	1542	83
DB05217	1	1	1	0	0	0	0	1	1	23	1
DB05214	1	0	0	1	9	9	23	113	113	835	120
DB05209	1	0	0	0	0	0	0	0	0	0	0
DB05205	1	0	0	1	12	12	26	20	20	353	24
DB05204	1	1	3	1	35	35	62	263	263	12615	263
DB05201	1	1	1	1	2	2	2	60	60	1090	60
DB05200	1	0	0	0	0	0	0	2	2	5	7
DB05199	1	0	0	0	0	0	0	0	0	0	0
DB05192	1	1	1	1	15	15	30	40	40	1039	40
DB05191	1	0	0	0	0	0	0	41	41	859	43
DB05188	1	0	0	1	7	7	11	27	27	545	29
DB05183	1	1	1	1	28	28	75	287	287	3874	287
DB05177	1	1	1	0	0	0	0	9	9	17	9
DB05166	1	0	0	0	0	0	0	24	24	629	24
DB05165	1	1	1	0	0	0	0	0	0	0	0
DB05164	1	1	1	0	0	0	0	0	0	0	0
DB05159	1	0	0	1	2	2	2	71	71	1129	73
DB05155	1	0	0	1	1	1	1	54	54	961	55
DB05152	1	0	0	0	0	0	0	3	3	95	3
DB05150	1	0	0	1	5	5	14	64	64	907	80
DB05141	1	1	1	0	0	0	0	0	0	0	0
DB05139	1	1	1	1	1	1	9	1	1	46	1
DB05133	1	1	1	1	5	5	18	20	20	571	20
DB05131	1	0	0	1	3	3	3	50	50	173	61
DB05130	1	0	0	1	2	2	2	71	71	1129	73
DB05127	1	0	0	1	2	2	5	112	112	1437	114
DB05125	1	0	0	1	1	1	1	14	14	21	15
DB05120	1	0	0	1	36	36	51	320	320	11882	325
DB05119	1	0	0	0	0	0	0	1	1	24	1
DB05116	1	1	9	0	0	0	0	0	0	0	0
DB05115	1	0	0	1	36	36	51	320	320	11882	325
DB05111	1	0	0	0	0	0	0	11	11	83	11
DB05110	1	0	0	0	0	0	0	11	11	83	11
DB05107	1	0	0	0	0	0	0	0	0	0	0
DB05105	1	0	0	0	0	0	0	0	0	0	0
DB05104	1	0	0	1	1	1	1	54	54	961	55
DB05102	1	0	0	0	0	0	0	0	0	0	0
DB05101	1	1	18	1	64	64	219	314	314	7369	314
DB05099	1	0	0	1	5	5	5	30	30	662	33
DB05098	1	0	0	1	7	7	49	24	24	822	28
DB05097	1	1	1	0	0	0	0	0	0	0	0
DB05095	1	0	0	1	12	12	23	26	26	900	28
DB05092	1	1	1	1	4	4	6	14	14	249	14
DB05091	1	0	0	1	1	1	18	59	59	1429	60
DB05088	1	0	0	1	5	5	14	64	64	907	80
DB05084	1	0	0	0	0	0	0	4	4	63	7
DB05077	1	1	1	1	2	2	2	60	60	1090	60
DB05073	1	0	0	1	23	23	75	244	244	3788	265
DB05072	1	0	0	0	0	0	0	5	5	354	7
DB05070	1	0	0	1	8	8	13	65	65	287	68
DB05064	1	1	1	1	1	1	3	11	11	125	11
DB05060	1	0	0	0	0	0	0	0	0	0	0
DB05053	1	0	0	1	1	1	1	2	2	23	10
DB05052	1	1	5	1	15	15	60	55	55	1410	55
DB05050	1	0	0	1	1	1	1	53	53	954	54
DB05049	1	0	0	0	0	0	0	0	0	0	0
DB05044	1	1	1	1	1	1	1	4	4	8	4
DB05042	1	0	0	1	2	2	5	38	38	878	39
DB05039	1	0	0	1	7	7	33	82	82	1710	86
DB05038	1	0	0	0	0	0	0	4	4	50	5
DB05034	1	0	0	1	8	8	14	93	93	2156	97
DB05033	1	1	1	0	0	0	0	11	11	43	11
DB05032	1	0	0	1	1	1	1	51	51	952	52
DB05025	1	0	0	1	4	4	10	46	46	350	53
DB05023	1	1	2	1	41	41	117	348	348	12875	348
DB05020	1	0	0	0	0	0	0	0	0	0	0
DB05018	1	0	0	0	0	0	0	0	0	0	0
DB05012	1	1	1	0	0	0	0	4	4	6	4
DB05009	1	0	0	0	0	0	0	41	41	859	43
DB05005	1	0	0	1	2	2	2	69	69	1105	69
DB05001	1	0	0	1	1	1	1	8	8	79	12
DB04998	1	1	2	1	13	13	29	87	87	1718	87
DB04997	1	1	1	1	4	4	6	14	14	249	14
DB04991	1	0	0	0	0	0	0	16	16	216	19
DB04985	1	1	1	0	0	0	0	236	236	1242	236
DB04983	1	1	1	1	1	1	4	1	1	99	1
DB04978	1	1	16	1	2	2	6	95	95	1310	95
DB04975	1	1	16	1	2	2	6	95	95	1310	95
DB04974	1	1	4	1	34	34	94	496	496	13339	496
DB04973	1	1	4	1	34	34	66	210	210	7978	210
DB04972	1	1	1	1	1	1	3	5	5	103	5
DB04970	1	1	1	1	1	1	1	57	57	980	57
DB04964	1	1	1	0	0	0	0	2	2	5	2
DB04960	1	1	2	1	1	1	1	8	8	15	8
DB04958	1	1	1	1	3	3	6	7	7	263	7
DB04956	1	0	0	1	11	11	36	72	72	1542	83
DB04954	1	0	0	1	1	1	1	52	52	1028	53
DB04951	1	0	0	1	2	2	5	27	27	1086	52
DB04948	1	1	1	1	2	2	2	56	56	1064	56
DB04947	1	0	0	0	0	0	0	11	11	100	12
DB04938	1	1	17	1	44	44	116	182	182	3640	182
DB04934	1	0	0	0	0	0	0	0	0	0	0
DB04933	1	0	0	1	17	17	69	175	175	3038	183
DB04931	1	0	0	1	17	17	44	148	148	4432	151
DB04929	1	0	0	1	1	1	1	1	1	1	2
DB04927	1	1	1	1	1	1	1	19	19	74	19
DB04926	1	0	0	1	2	2	2	88	88	701	89
DB04925	1	0	0	1	8	8	19	96	96	349	103
DB04915	1	1	1	0	0	0	0	0	0	0	0
DB04910	1	1	3	1	26	26	67	159	159	4459	159
DB04901	1	1	2	1	2	2	4	4	4	21	4
DB04898	1	0	0	1	10	10	35	94	94	808	101
DB04895	1	0	0	1	41	41	168	135	135	3544	153
DB04890	1	1	1	0	0	0	0	5	5	51	5
DB04887	1	0	0	0	0	0	0	0	0	0	0
DB04886	1	0	0	0	0	0	0	0	0	0	0
DB04885	1	0	0	0	0	0	0	0	0	0	0
DB04883	1	0	0	1	7	7	48	62	62	1509	66
DB04882	1	1	10	1	5	5	15	27	27	412	27
DB04881	1	1	4	1	6	6	18	107	107	2132	107
DB04880	1	0	0	1	2	2	2	7	7	124	7
DB04878	1	0	0	0	0	0	0	2	2	5	7
DB04877	1	1	4	1	6	6	18	107	107	2132	107
DB04876	1	0	0	1	1	1	1	8	8	79	12
DB04875	1	0	0	1	7	7	24	52	52	1543	64
DB04873	1	0	0	0	0	0	0	0	0	0	0
DB04872	1	0	0	0	0	0	0	0	0	0	2
DB04871	1	0	0	1	1	1	1	50	50	927	50
DB04867	1	1	1	1	1	1	1	46	46	885	46
DB04864	1	0	0	0	0	0	0	0	0	0	7
DB04862	1	0	0	0	0	0	0	0	0	0	0
DB04860	1	0	0	1	2	2	5	112	112	1437	114
DB04859	1	0	0	0	0	0	0	0	0	0	7
DB04857	1	0	0	1	4	4	4	63	63	1196	69
DB04856	1	1	1	1	1	1	1	46	46	885	46
DB04854	1	1	1	1	1	1	1	1	1	1	1
DB04853	1	0	0	0	0	0	0	41	41	859	43
DB04852	1	0	0	0	0	0	0	2	2	17	2
DB04850	1	0	0	1	12	12	26	20	20	353	24
DB04849	1	1	17	1	45	45	138	371	371	14255	371
DB04845	1	1	5	1	14	14	36	105	105	3372	105
DB04840	1	1	1	0	0	0	0	4	4	6	4
DB04837	1	1	1	0	0	0	0	5	5	51	5
DB04835	1	0	0	1	4	4	4	83	83	1530	88
DB04828	1	0	0	0	0	0	0	0	0	0	0
DB04817	1	0	0	1	1	1	17	3	3	76	4
DB04796	1	1	1	1	10	10	17	55	55	1035	55
DB04690	1	1	10	1	5	5	15	27	27	412	27
DB04575	1	1	17	1	44	44	116	182	182	3640	182
DB04339	1	1	1	1	1	1	3	5	5	103	5
DB03843	1	0	0	0	0	0	0	0	0	0	0
DB03783	1	0	0	1	1	1	17	3	3	76	4
DB03348	1	0	0	0	0	0	0	0	0	0	7
DB02959	1	0	0	0	0	0	0	0	0	0	0
DB02300	1	1	1	1	10	10	17	55	55	1035	55
DB02132	1	0	0	1	3	3	3	12	12	23	23
DB01783	1	0	0	0	0	0	0	0	0	0	0
DB01764	1	0	0	0	0	0	0	0	0	0	0
DB01685	1	1	1	1	1	1	1	1	1	1	1
DB01669	1	0	0	0	0	0	0	0	0	0	0
DB01628	1	0	0	1	12	12	23	26	26	900	28
DB01627	1	0	0	0	0	0	0	0	0	0	0
DB01619	1	1	1	0	0	0	0	5	5	51	5
DB01616	1	1	1	1	1	1	1	57	57	980	57
DB01615	1	1	1	0	0	0	0	5	5	51	5
DB01612	1	0	0	1	8	8	14	93	93	2156	97
DB01607	1	0	0	0	0	0	0	0	0	0	0
DB01605	1	0	0	0	0	0	0	0	0	0	0
DB01604	1	0	0	0	0	0	0	0	0	0	0
DB01602	1	0	0	0	0	0	0	0	0	0	0
DB01601	1	0	0	0	0	0	0	0	0	0	0
DB01597	1	0	0	0	0	0	0	0	0	0	0
DB01590	1	1	4	1	34	34	94	496	496	13339	496
DB01582	1	0	0	0	0	0	0	0	0	0	0
DB01581	1	0	0	0	0	0	0	0	0	0	0
DB01569	1	1	1	0	0	0	0	1	1	7	1
DB01564	1	1	15	1	34	34	92	234	234	3877	234
DB01466	1	0	0	1	1	1	1	60	60	991	65
DB01463	1	0	0	0	0	0	0	11	11	100	12
DB01438	1	1	1	1	3	3	3	26	26	107	26
DB01433	1	0	0	1	1	1	1	60	60	991	65
DB01430	1	0	0	1	6	6	10	42	42	383	51
DB01426	1	0	0	1	4	4	4	70	70	289	71
DB01425	1	0	0	1	4	4	4	63	63	1196	69
DB01422	1	1	1	0	0	0	0	34	34	64	34
DB01421	1	0	0	0	0	0	0	0	0	0	0
DB01420	1	1	15	1	34	34	92	234	234	3877	234
DB01418	1	0	0	0	0	0	0	1	1	13	1
DB01416	1	0	0	0	0	0	0	0	0	0	0
DB01410	1	1	4	1	14	14	37	74	74	1684	74
DB01408	1	0	0	1	7	7	33	82	82	1710	86
DB01400	1	0	0	0	0	0	0	0	0	0	7
DB01396	1	0	0	1	6	6	10	42	42	383	51
DB01384	1	1	4	1	14	14	37	74	74	1684	74
DB01380	1	1	4	1	14	14	37	74	74	1684	74
DB01366	1	0	0	1	7	7	33	82	82	1710	86
DB01357	1	1	17	1	44	44	116	182	182	3640	182
DB01348	1	0	0	0	0	0	0	4	4	188	4
DB01347	1	0	0	1	4	4	25	76	76	1899	81
DB01345	1	0	0	1	6	6	10	42	42	383	51
DB01342	1	0	0	1	4	4	25	76	76	1899	81
DB01340	1	0	0	0	0	0	0	4	4	188	4
DB01339	1	0	0	0	0	0	0	1	1	1	10
DB01330	1	0	0	0	0	0	0	0	0	0	0
DB01326	1	0	0	0	0	0	0	0	0	0	0
DB01324	1	0	0	0	0	0	0	2	2	2	2
DB01321	1	0	0	0	0	0	0	0	0	0	0
DB01320	1	0	0	1	4	4	4	70	70	289	71
DB01319	1	0	0	0	0	0	0	0	0	0	0
DB01309	1	0	0	1	36	36	51	320	320	11882	325
DB01307	1	0	0	1	36	36	51	320	320	11882	325
DB01306	1	0	0	1	36	36	51	320	320	11882	325
DB01301	1	0	0	0	0	0	0	0	0	0	0
DB01298	1	0	0	0	0	0	0	0	0	0	0
DB01297	1	0	0	1	1	1	1	51	51	888	54
DB01289	1	0	0	0	0	0	0	2	2	3	3
DB01284	1	0	0	0	0	0	0	37	37	797	39
DB01282	1	0	0	1	1	1	1	48	48	915	50
DB01280	1	1	4	1	14	14	23	166	166	2404	166
DB01279	1	0	0	0	0	0	0	2	2	60	5
DB01276	1	0	0	0	0	0	0	1	1	27	3
DB01274	1	0	0	1	7	7	33	82	82	1710	86
DB01272	1	0	0	0	0	0	0	1	1	4	3
DB01271	1	0	0	0	0	0	0	2	2	60	5
DB01270	1	1	5	1	28	28	121	60	60	1694	60
DB01269	1	1	18	1	64	64	219	314	314	7369	314
DB01265	1	0	0	0	0	0	0	0	0	0	0
DB01264	1	0	0	0	0	0	0	0	0	0	0
DB01263	1	0	0	0	0	0	0	0	0	0	0
DB01262	1	1	2	1	8	8	36	76	76	1444	76
DB01261	1	0	0	1	1	1	1	8	8	79	12
DB01260	1	1	4	1	14	14	37	74	74	1684	74
DB01257	1	1	1	1	1	1	1	11	11	20	11
DB01256	1	0	0	0	0	0	0	0	0	0	0
DB01253	1	1	1	1	3	3	3	47	47	888	47
DB01246	1	1	1	0	0	0	0	5	5	51	5
DB01241	1	1	1	1	21	21	58	65	65	1390	65
DB01237	1	1	1	0	0	0	0	5	5	51	5
DB01232	1	0	0	0	0	0	0	0	0	0	0
DB01228	1	0	0	1	4	4	4	70	70	289	71
DB01222	1	1	4	1	14	14	37	74	74	1684	74
DB01219	1	0	0	1	1	1	1	8	8	55	11
DB01217	1	1	6	1	2	2	2	7	7	57	7
DB01206	1	1	1	0	0	0	0	0	0	0	0
DB01204	1	1	16	1	2	2	6	95	95	1310	95
DB01201	1	0	0	0	0	0	0	0	0	0	0
DB01190	1	0	0	0	0	0	0	0	0	0	0
DB01188	1	0	0	1	6	6	10	42	42	383	51
DB01181	1	1	12	1	9	9	33	33	33	652	33
DB01180	1	0	0	0	0	0	0	4	4	188	4
DB01178	1	0	0	1	2	2	2	3	3	17	3
DB01177	1	1	16	1	2	2	6	95	95	1310	95
DB01172	1	0	0	0	0	0	0	0	0	0	0
DB01171	1	0	0	1	12	12	26	20	20	353	24
DB01170	1	1	1	0	0	0	0	4	4	6	4
DB01166	1	0	0	1	2	2	2	7	7	124	7
DB01164	1	0	0	0	0	0	0	0	0	0	0
DB01158	1	0	0	1	6	6	10	42	42	383	51
DB01157	1	1	4	0	0	0	0	5	5	36	5
DB01153	1	0	0	0	0	0	0	0	0	0	0
DB01145	1	0	0	0	0	0	0	0	0	0	0
DB01141	1	0	0	0	0	0	0	0	0	0	0
DB01139	1	0	0	0	0	0	0	0	0	0	0
DB01134	1	0	0	1	4	4	19	17	17	370	18
DB01130	1	1	4	1	14	14	37	74	74	1684	74
DB01129	1	0	0	1	3	3	7	26	26	46	32
DB01128	1	1	15	1	34	34	92	234	234	3877	234
DB01125	1	0	0	1	1	1	1	5	5	20	6
DB01122	1	0	0	0	0	0	0	0	0	0	7
DB01121	1	1	1	1	3	3	3	26	26	107	26
DB01116	1	0	0	0	0	0	0	1	1	1	3
DB01112	1	0	0	0	0	0	0	0	0	0	0
DB01101	1	1	9	0	0	0	0	0	0	0	0
DB01098	1	0	0	1	2	2	2	9	9	144	21
DB01095	1	0	0	1	2	2	2	9	9	144	21
DB01091	1	1	1	1	1	1	1	19	19	74	19
DB01089	1	0	0	1	1	1	1	3	3	35	3
DB01086	1	0	0	1	4	4	4	63	63	209	64
DB01084	1	1	1	0	0	0	0	5	5	51	5
DB01078	1	0	0	1	6	6	10	42	42	383	51
DB01072	1	0	0	0	0	0	0	0	0	0	0
DB01071	1	1	1	0	0	0	0	5	5	51	5
DB01070	1	1	1	1	10	10	17	55	55	1035	55
DB01061	1	0	0	0	0	0	0	0	0	0	0
DB01060	1	0	0	0	0	0	0	0	0	0	0
DB01057	1	0	0	0	0	0	0	0	0	0	5
DB01056	1	0	0	1	4	4	4	70	70	289	71
DB01046	1	0	0	0	0	0	0	0	0	0	0
DB01020	1	0	0	1	8	8	14	87	87	2117	90
DB01013	1	1	4	1	14	14	37	74	74	1684	74
DB01012	1	1	1	1	14	14	19	107	107	309	107
DB01006	1	1	6	1	2	2	2	7	7	57	7
DB01005	1	1	7	1	3	3	7	39	39	439	39
DB01002	1	0	0	1	4	4	4	63	63	209	64
DB00992	1	1	10	1	7	7	17	8	8	312	8
DB00990	1	1	6	1	2	2	2	7	7	57	7
DB00987	1	1	1	1	6	6	10	39	39	293	39
DB00985	1	1	1	0	0	0	0	5	5	51	5
DB00984	1	1	15	1	34	34	92	234	234	3877	234
DB00982	1	1	3	1	19	19	66	71	71	1306	71
DB00979	1	0	0	0	0	0	0	3	3	95	3
DB00972	1	1	1	0	0	0	0	5	5	51	5
DB00969	1	0	0	0	0	0	0	0	0	0	0
DB00967	1	1	1	0	0	0	0	5	5	51	5
DB00961	1	0	0	1	4	4	4	63	63	209	64
DB00959	1	1	4	1	14	14	37	74	74	1684	74
DB00955	1	0	0	0	0	0	0	0	0	0	0
DB00950	1	1	1	0	0	0	0	5	5	51	5
DB00947	1	1	17	1	44	44	116	182	182	3640	182
DB00946	1	0	0	0	0	0	0	1	1	13	1
DB00943	1	0	0	0	0	0	0	0	0	0	0
DB00942	1	0	0	0	0	0	0	3	3	95	3
DB00941	1	0	0	0	0	0	0	0	0	0	5
DB00932	1	0	0	0	0	0	0	0	0	0	0
DB00928	1	1	2	1	8	8	36	76	76	1444	76
DB00927	1	0	0	0	0	0	0	39	39	806	40
DB00924	1	0	0	1	2	2	2	54	54	1007	59
DB00923	1	0	0	0	0	0	0	0	0	0	0
DB00919	1	0	0	0	0	0	0	0	0	0	0
DB00913	1	0	0	1	1	1	1	60	60	991	65
DB00910	1	1	1	1	10	10	17	55	55	1035	55
DB00906	1	0	0	0	0	0	0	5	5	8	5
DB00902	1	1	1	0	0	0	0	5	5	51	5
DB00901	1	0	0	1	7	7	33	82	82	1710	86
DB00896	1	1	4	1	14	14	37	74	74	1684	74
DB00894	1	1	6	1	2	2	2	7	7	57	7
DB00892	1	0	0	1	4	4	4	63	63	209	64
DB00891	1	0	0	0	0	0	0	0	0	0	0
DB00889	1	0	0	0	0	0	0	0	0	0	0
DB00884	1	1	1	1	1	1	1	1	1	1	1
DB00883	1	0	0	1	8	8	14	93	93	2156	97
DB00881	1	0	0	0	0	0	0	4	4	188	4
DB00879	1	0	0	0	0	0	0	0	0	0	0
DB00876	1	0	0	1	4	4	25	76	76	1899	81
DB00873	1	1	4	1	14	14	37	74	74	1684	74
DB00868	1	0	0	1	4	4	4	70	70	289	71
DB00867	1	0	0	1	7	7	33	82	82	1710	86
DB00864	1	0	0	1	5	5	11	42	42	641	62
DB00860	1	1	4	1	14	14	37	74	74	1684	74
DB00858	1	1	15	1	34	34	92	234	234	3877	234
DB00857	1	1	1	1	1	1	1	19	19	74	19
DB00855	1	0	0	0	0	0	0	0	0	0	0
DB00846	1	1	4	1	14	14	37	74	74	1684	74
DB00838	1	1	4	1	14	14	37	74	74	1684	74
DB00828	1	0	0	0	0	0	0	0	0	0	0
DB00827	1	0	0	0	0	0	0	0	0	0	0
DB00816	1	0	0	1	7	7	33	82	82	1710	86
DB00807	1	0	0	1	4	4	4	63	63	209	64
DB00802	1	0	0	1	1	1	1	60	60	991	65
DB00796	1	0	0	1	4	4	25	76	76	1899	81
DB00792	1	1	1	0	0	0	0	5	5	51	5
DB00789	1	0	0	0	0	0	0	0	0	0	0
DB00782	1	0	0	0	0	0	0	3	3	95	3
DB00776	1	0	0	1	4	4	4	70	70	289	71
DB00772	1	0	0	0	0	0	0	0	0	0	5
DB00771	1	0	0	0	0	0	0	3	3	95	3
DB00769	1	1	4	1	14	14	37	74	74	1684	74
DB00766	1	0	0	0	0	0	0	0	0	0	0
DB00765	1	0	0	1	2	2	2	2	2	143	2
DB00763	1	0	0	0	0	0	0	0	0	0	0
DB00760	1	0	0	0	0	0	0	0	0	0	0
DB00758	1	0	0	0	0	0	0	1	1	39	1
DB00757	1	0	0	0	0	0	0	0	0	0	0
DB00750	1	0	0	1	4	4	4	70	70	289	71
DB00748	1	1	1	0	0	0	0	5	5	51	5
DB00746	1	0	0	1	5	5	14	64	64	907	80
DB00744	1	1	1	0	0	0	0	4	4	10	4
DB00738	1	0	0	0	0	0	0	33	33	602	33
DB00736	1	0	0	1	3	3	7	26	26	46	32
DB00735	1	1	1	1	1	1	1	19	19	74	19
DB00732	1	0	0	0	0	0	0	1	1	1	10
DB00730	1	0	0	0	0	0	0	0	0	0	0
DB00729	1	0	0	0	0	0	0	2	2	28	2
DB00727	1	0	0	1	8	8	14	93	93	2156	97
DB00722	1	0	0	0	0	0	0	4	4	188	4
DB00719	1	1	1	0	0	0	0	5	5	51	5
DB00718	1	0	0	0	0	0	0	0	0	0	0
DB00717	1	1	5	1	19	19	54	50	50	1551	50
DB00710	1	1	1	1	1	1	1	1	1	1	1
DB00705	1	0	0	0	0	0	0	0	0	0	0
DB00701	1	0	0	0	0	0	0	0	0	0	0
DB00700	1	0	0	1	4	4	19	17	17	370	18
DB00699	1	1	1	1	3	3	3	47	47	888	47
DB00693	1	0	0	0	0	0	0	0	0	0	0
DB00689	1	0	0	0	0	0	0	0	0	0	0
DB00684	1	0	0	0	0	0	0	0	0	0	0
DB00680	1	0	0	1	4	4	4	70	70	289	71
DB00678	1	0	0	1	4	4	25	76	76	1899	81
DB00673	1	0	0	0	0	0	0	5	5	354	7
DB00672	1	0	0	1	2	2	4	67	67	1336	70
DB00671	1	0	0	0	0	0	0	0	0	0	0
DB00670	1	0	0	0	0	0	0	3	3	95	3
DB00665	1	1	15	1	34	34	92	234	234	3877	234
DB00664	1	0	0	0	0	0	0	0	0	0	0
DB00663	1	1	4	1	14	14	37	74	74	1684	74
DB00654	1	0	0	1	1	1	1	47	47	893	47
DB00649	1	0	0	0	0	0	0	0	0	0	0
DB00645	1	0	0	1	4	4	4	63	63	209	64
DB00638	1	0	0	0	0	0	0	0	0	0	0
DB00636	1	1	1	1	21	21	58	65	65	1390	65
DB00633	1	1	1	1	2	2	2	56	56	1064	56
DB00625	1	0	0	0	0	0	0	0	0	0	0
DB00621	1	1	15	1	34	34	92	234	234	3877	234
DB00620	1	1	4	1	14	14	37	74	74	1684	74
DB00617	1	0	0	1	2	2	2	20	20	84	21
DB00613	1	0	0	0	0	0	0	0	0	0	0
DB00610	1	1	1	1	3	3	3	47	47	888	47
DB00600	1	0	0	0	0	0	0	0	0	0	0
DB00596	1	1	4	1	14	14	37	74	74	1684	74
DB00593	1	0	0	1	2	2	2	57	57	166	61
DB00592	1	0	0	0	0	0	0	1	1	1	12
DB00591	1	1	4	1	14	14	37	74	74	1684	74
DB00587	1	0	0	0	0	0	0	0	0	0	2
DB00585	1	0	0	0	0	0	0	39	39	806	40
DB00584	1	0	0	0	0	0	0	4	4	188	4
DB00582	1	0	0	0	0	0	0	0	0	0	0
DB00581	1	0	0	0	0	0	0	0	0	0	0
DB00576	1	0	0	0	0	0	0	0	0	0	0
DB00565	1	0	0	0	0	0	0	1	1	1	10
DB00563	1	1	4	0	0	0	0	5	5	36	5
DB00557	1	1	1	0	0	0	0	5	5	51	5
DB00555	1	1	1	1	3	3	3	30	30	143	30
DB00552	1	0	0	0	0	0	0	4	4	13	4
DB00550	1	0	0	0	0	0	0	0	0	0	0
DB00549	1	0	0	0	0	0	0	0	0	0	2
DB00547	1	1	4	1	14	14	37	74	74	1684	74
DB00544	1	1	9	0	0	0	0	0	0	0	0
DB00542	1	0	0	0	0	0	0	4	4	188	4
DB00531	1	1	12	1	9	9	33	33	33	652	33
DB00528	1	0	0	0	0	0	0	5	5	19	9
DB00525	1	0	0	0	0	0	0	0	0	0	0
DB00524	1	0	0	0	0	0	0	2	2	2	2
DB00522	1	0	0	0	0	0	0	3	3	12	3
DB00520	1	0	0	0	0	0	0	0	0	0	0
DB00519	1	0	0	0	0	0	0	4	4	188	4
DB00511	1	0	0	1	6	6	10	42	42	383	51
DB00507	1	0	0	0	0	0	0	0	0	0	0
DB00504	1	0	0	1	1	1	1	60	60	991	65
DB00501	1	0	0	0	0	0	0	39	39	806	40
DB00498	1	0	0	0	0	0	0	1	1	13	1
DB00494	1	1	1	0	0	0	0	0	0	0	0
DB00492	1	0	0	0	0	0	0	4	4	188	4
DB00479	1	0	0	0	0	0	0	0	0	0	0
DB00478	1	0	0	0	0	0	0	0	0	0	0
DB00474	1	0	0	0	0	0	0	5	5	22	19
DB00444	1	1	16	1	2	2	6	95	95	1310	95
DB00443	1	1	4	1	14	14	37	74	74	1684	74
DB00439	1	0	0	1	2	2	2	9	9	144	21
DB00437	1	1	1	1	1	1	1	1	1	1	1
DB00433	1	0	0	1	4	4	4	63	63	1196	69
DB00432	1	1	9	0	0	0	0	0	0	0	0
DB00429	1	0	0	1	1	1	1	51	51	927	53
DB00427	1	1	1	0	0	0	0	5	5	51	5
DB00423	1	1	1	0	0	0	0	5	5	23	5
DB00419	1	0	0	1	2	2	4	5	5	214	5
DB00416	1	0	0	0	0	0	0	1	1	1	10
DB00414	1	0	0	0	0	0	0	4	4	39	5
DB00410	1	0	0	0	0	0	0	0	0	0	0
DB00405	1	1	1	0	0	0	0	5	5	51	5
DB00403	1	1	1	1	1	1	1	46	46	885	46
DB00394	1	1	4	1	14	14	37	74	74	1684	74
DB00390	1	0	0	1	6	6	10	42	42	383	51
DB00389	1	0	0	0	0	0	0	0	0	0	0
DB00385	1	1	16	1	2	2	6	95	95	1310	95
DB00378	1	1	5	1	19	19	54	50	50	1551	50
DB00377	1	0	0	0	0	0	0	0	0	0	0
DB00369	1	0	0	0	0	0	0	0	0	0	0
DB00362	1	0	0	0	0	0	0	0	0	0	0
DB00361	1	1	7	1	22	22	54	153	153	4365	153
DB00359	1	0	0	0	0	0	0	0	0	0	0
DB00356	1	0	0	0	0	0	0	0	0	0	0
DB00348	1	0	0	0	0	0	0	0	0	0	0
DB00347	1	0	0	1	2	2	2	57	57	166	61
DB00343	1	0	0	0	0	0	0	5	5	19	9
DB00341	1	1	1	0	0	0	0	5	5	51	5
DB00331	1	0	0	1	41	41	150	155	155	3970	177
DB00325	1	0	0	1	8	8	14	93	93	2156	97
DB00324	1	1	4	1	14	14	37	74	74	1684	74
DB00323	1	1	1	0	0	0	0	0	0	0	0
DB00322	1	1	9	0	0	0	0	0	0	0	0
DB00317	1	1	18	1	64	64	219	314	314	7369	314
DB00310	1	0	0	0	0	0	0	2	2	2	2
DB00309	1	1	9	1	17	17	43	121	121	3681	121
DB00302	1	0	0	1	8	8	19	96	96	349	103
DB00301	1	0	0	0	0	0	0	0	0	0	0
DB00300	1	0	0	0	0	0	0	0	0	0	0
DB00296	1	0	0	1	4	4	4	63	63	209	64
DB00287	1	0	0	1	1	1	1	47	47	893	47
DB00286	1	1	17	1	44	44	116	182	182	3640	182
DB00283	1	1	1	0	0	0	0	5	5	51	5
DB00282	1	1	1	1	1	1	1	1	1	1	1
DB00278	1	0	0	1	10	10	35	94	94	808	101
DB00275	1	0	0	1	4	4	25	76	76	1899	81
DB00272	1	0	0	0	0	0	0	39	39	806	40
DB00269	1	1	17	1	44	44	116	182	182	3640	182
DB00263	1	0	0	0	0	0	0	0	0	0	0
DB00262	1	1	1	0	0	0	0	41	41	443	41
DB00261	1	0	0	1	2	2	2	7	7	124	7
DB00259	1	0	0	0	0	0	0	0	0	0	0
DB00253	1	1	4	1	14	14	37	74	74	1684	74
DB00251	1	0	0	0	0	0	0	0	0	0	0
DB00249	1	0	0	0	0	0	0	0	0	0	0
DB00240	1	1	4	1	14	14	37	74	74	1684	74
DB00238	1	0	0	0	0	0	0	0	0	0	0
DB00235	1	0	0	1	2	2	2	7	7	124	7
DB00234	1	1	1	0	0	0	0	4	4	6	4
DB00230	1	0	0	1	2	2	2	64	64	342	69
DB00229	1	0	0	0	0	0	0	0	0	0	0
DB00226	1	1	1	0	0	0	0	4	4	6	4
DB00224	1	0	0	0	0	0	0	0	0	0	0
DB00223	1	1	4	1	14	14	37	74	74	1684	74
DB00220	1	0	0	0	0	0	0	0	0	0	0
DB00219	1	0	0	0	0	0	0	3	3	95	3
DB00214	1	0	0	0	0	0	0	2	2	2	2
DB00213	1	0	0	1	3	3	7	26	26	46	32
DB00212	1	0	0	0	0	0	0	14	14	187	19
DB00209	1	0	0	0	0	0	0	3	3	95	3
DB00208	1	0	0	0	0	0	0	1	1	39	1
DB00196	1	0	0	0	0	0	0	0	0	0	0
DB00192	1	0	0	1	4	4	4	70	70	289	71
DB00190	1	0	0	0	0	0	0	0	0	0	4
DB00187	1	0	0	1	1	1	1	51	51	888	54
DB00183	1	0	0	1	2	2	2	47	47	885	47
DB00180	1	1	4	1	14	14	37	74	74	1684	74
DB00177	1	0	0	1	4	4	25	76	76	1899	81
DB00175	1	0	0	1	2	2	2	9	9	144	21
DB00169	1	1	1	1	10	10	17	55	55	1035	55
DB00165	1	0	0	0	0	0	0	0	0	0	0
DB00153	1	1	1	1	10	10	17	55	55	1035	55
DB00147	1	0	0	0	0	0	0	0	0	0	0
DB00146	1	1	1	1	10	10	17	55	55	1035	55
DB00113	1	0	0	1	1	1	18	7	7	95	7
DB00109	1	0	0	0	0	0	0	0	0	0	0
DB00106	1	1	6	1	1	1	1	49	49	932	49
DB00094	1	0	0	0	0	0	0	7	7	378	8
DB00093	1	0	0	1	1	1	1	47	47	900	48
DB00089	1	1	1	0	0	0	0	17	17	748	17
DB00082	1	0	0	1	4	4	6	24	24	824	25
DB00070	1	0	0	1	10	10	39	79	79	1099	98
DB00066	1	0	0	0	0	0	0	7	7	378	8
DB00065	1	0	0	1	11	11	36	72	72	1542	83
DB00063	1	1	1	1	17	17	72	141	141	1967	141
DB00061	1	0	0	1	63	63	222	300	300	6362	321
DB00058	1	1	2	1	1	1	1	14	14	125	14
DB00045	1	0	0	1	9	9	18	140	140	2062	143
DB00044	1	1	2	1	1	1	1	7	7	108	7
DB00038	1	0	0	1	1	1	1	4	4	209	8
DB00026	1	0	0	1	4	4	12	17	17	431	21
DB00024	1	1	1	1	1	1	2	14	14	183	14
DB00021	1	0	0	0	0	0	0	0	0	0	3
DB00017	1	0	0	0	0	0	0	1	1	14	4
DB00016	1	1	1	1	5	5	23	25	25	1042	25
DB00012	1	1	1	1	5	5	23	25	25	1042	25
DB00010	1	0	0	0	0	0	0	0	0	0	1
DB00007	1	1	6	1	1	1	1	49	49	932	49
DB00006	1	0	0	1	10	10	35	94	94	808	101
DB00001	1	0	0	1	10	10	35	94	94	808	101
